20 10
6 30 41 51 52 58 31 
5 35 53 54 53 57 
9 36 32 52 48 48 39 57 42 59 
8 57 59 39 34 41 56 53 47 
6 34 30 40 54 31 41 
5 55 57 45 44 51 
6 47 43 40 57 44 59 
5 43 54 59 35 55 
8 38 51 49 55 40 45 47 50 
5 40 53 40 35 42 
7 42 33 38 51 39 40 48 
8 31 50 59 55 49 34 42 45 
7 34 56 59 36 41 46 48 
6 56 34 53 54 46 40 
8 50 41 49 59 43 59 44 45 
5 43 32 31 39 45 
8 51 41 34 42 39 46 50 57 
9 39 31 45 55 48 47 53 30 50 
7 51 34 41 35 49 53 41 
8 47 50 50 55 34 31 52 38 
70 320
59 78
69 108
21 346
83 119
74 108
101 234
100 432
10 283
40 299
