20 100
6 10 11 11 12 18 11 
5 15 13 14 13 17 
9 16 12 12 18 18 19 17 12 19 
8 17 19 19 14 11 16 13 17 
6 14 10 10 14 11 11 
5 15 17 15 14 11 
6 17 13 10 17 14 19 
5 13 14 19 15 15 
8 18 11 19 15 10 15 17 10 
5 10 13 10 15 12 
7 12 13 18 11 19 10 18 
8 11 10 19 15 19 14 12 15 
7 14 16 19 16 11 16 18 
6 16 14 13 14 16 10 
8 10 11 19 19 13 19 14 15 
5 13 12 11 19 15 
8 11 11 14 12 19 16 10 17 
9 19 11 15 15 18 17 13 10 10 
7 11 14 11 15 19 13 11 
8 17 10 10 15 14 11 12 18 
21 320
10 78
20 108
32 346
34 119
25 108
12 234
11 432
1 283
11 299
30 211
26 386
34 235
2 379
20 503
19 109
24 169
20 225
38 93
4 192
25 477
21 146
5 232
31 454
8 150
7 426
34 353
13 329
9 436
9 117
12 308
20 437
38 440
15 224
34 407
9 68
38 390
7 123
35 466
30 312
38 505
31 152
11 225
2 121
2 12
39 274
21 139
32 268
33 195
5 435
24 435
36 162
26 391
6 122
39 184
15 297
23 346
10 222
32 253
4 54
6 404
30 407
36 362
36 297
11 342
14 483
38 410
38 424
3 252
27 130
37 302
20 300
30 50
4 42
24 188
30 390
33 100
39 458
23 295
8 342
10 162
18 236
14 144
22 345
9 177
8 155
1 76
16 451
7 300
34 252
10 412
3 403
33 262
14 297
11 291
40 369
34 139
19 496
24 441
22 502
