20 10
6 10 11 11 12 18 11 
5 15 13 14 13 17 
9 16 12 12 18 18 19 17 12 19 
8 17 19 19 14 11 16 13 17 
6 14 10 10 14 11 11 
5 15 17 15 14 11 
6 17 13 10 17 14 19 
5 13 14 19 15 15 
8 18 11 19 15 10 15 17 10 
5 10 13 10 15 12 
7 12 13 18 11 19 10 18 
8 11 10 19 15 19 14 12 15 
7 14 16 19 16 11 16 18 
6 16 14 13 14 16 10 
8 10 11 19 19 13 19 14 15 
5 13 12 11 19 15 
8 11 11 14 12 19 16 10 17 
9 19 11 15 15 18 17 13 10 10 
7 11 14 11 15 19 13 11 
8 17 10 10 15 14 11 12 18 
21 320
10 78
20 108
32 346
34 119
25 108
12 234
11 432
1 283
11 299
