20 1000
6 10 11 11 12 18 11 
5 15 13 14 13 17 
9 16 12 12 18 18 19 17 12 19 
8 17 19 19 14 11 16 13 17 
6 14 10 10 14 11 11 
5 15 17 15 14 11 
6 17 13 10 17 14 19 
5 13 14 19 15 15 
8 18 11 19 15 10 15 17 10 
5 10 13 10 15 12 
7 12 13 18 11 19 10 18 
8 11 10 19 15 19 14 12 15 
7 14 16 19 16 11 16 18 
6 16 14 13 14 16 10 
8 10 11 19 19 13 19 14 15 
5 13 12 11 19 15 
8 11 11 14 12 19 16 10 17 
9 19 11 15 15 18 17 13 10 10 
7 11 14 11 15 19 13 11 
8 17 10 10 15 14 11 12 18 
21 320
10 78
20 108
32 346
34 119
25 108
12 234
11 432
1 283
11 299
30 211
26 386
34 235
2 379
20 503
19 109
24 169
20 225
38 93
4 192
25 477
21 146
5 232
31 454
8 150
7 426
34 353
13 329
9 436
9 117
12 308
20 437
38 440
15 224
34 407
9 68
38 390
7 123
35 466
30 312
38 505
31 152
11 225
2 121
2 12
39 274
21 139
32 268
33 195
5 435
24 435
36 162
26 391
6 122
39 184
15 297
23 346
10 222
32 253
4 54
6 404
30 407
36 362
36 297
11 342
14 483
38 410
38 424
3 252
27 130
37 302
20 300
30 50
4 42
24 188
30 390
33 100
39 458
23 295
8 342
10 162
18 236
14 144
22 345
9 177
8 155
1 76
16 451
7 300
34 252
10 412
3 403
33 262
14 297
11 291
40 369
34 139
19 496
24 441
22 502
39 490
30 420
7 286
12 15
40 187
28 398
12 379
34 286
15 337
4 374
29 44
36 403
4 23
21 289
37 63
4 257
15 474
18 442
21 371
18 169
11 194
20 331
27 43
10 390
21 22
17 330
8 181
14 72
18 455
22 343
12 474
1 247
9 100
30 31
24 469
1 203
4 442
7 59
26 326
22 187
21 387
38 237
10 72
31 448
29 493
32 369
29 214
9 238
27 127
10 459
37 292
35 82
15 222
14 41
1 117
29 71
25 67
9 395
12 440
4 341
35 457
23 224
4 500
3 159
29 202
31 46
7 306
1 50
9 296
4 399
34 493
31 387
1 100
36 373
14 448
36 297
18 247
22 250
9 305
10 198
28 201
5 323
8 47
6 506
4 138
18 78
32 197
38 13
30 422
28 12
24 72
2 450
40 152
22 37
39 432
28 287
15 302
4 111
22 158
30 366
10 196
37 102
6 83
17 217
27 325
30 199
18 361
10 38
6 172
9 145
6 485
6 209
20 218
33 310
9 112
9 347
21 294
3 376
39 388
6 206
14 144
18 432
18 228
31 45
2 220
11 476
27 297
26 167
8 327
31 66
32 328
26 422
36 37
31 323
38 65
2 312
22 108
25 241
29 37
7 59
38 298
28 285
17 394
14 433
15 253
32 335
34 439
10 378
37 81
22 76
19 404
29 30
25 103
24 23
21 379
35 219
30 292
26 447
19 280
14 82
34 54
39 288
14 349
8 292
32 190
29 399
36 226
2 281
22 374
25 143
6 61
4 105
26 190
33 213
11 255
37 325
11 36
14 125
26 102
10 138
34 107
11 210
7 141
32 337
37 118
22 91
20 166
29 206
37 71
40 148
27 185
26 458
14 260
37 281
4 175
40 126
36 279
17 291
14 149
29 111
8 431
35 268
18 73
15 275
5 364
4 292
2 70
4 297
12 509
39 16
5 319
3 289
32 300
1 194
2 31
6 39
15 329
20 234
23 104
30 368
1 255
2 43
38 234
1 478
36 388
15 249
21 458
32 481
11 293
16 382
37 302
14 461
12 402
36 356
27 26
37 296
34 59
13 281
34 502
32 210
4 76
21 273
7 321
35 467
27 251
22 113
14 444
27 506
27 91
35 175
30 261
24 73
21 485
7 436
9 287
27 53
36 428
27 72
2 402
12 38
14 62
4 28
27 399
35 174
3 71
10 281
5 143
7 474
29 234
23 438
3 231
32 207
32 139
32 83
22 492
14 164
35 446
5 382
6 49
18 157
13 376
31 126
12 319
33 322
34 185
21 397
9 74
26 249
14 206
33 225
12 127
22 75
14 256
11 240
18 337
10 99
6 10
6 407
22 499
10 56
5 311
35 274
26 29
5 69
28 178
35 460
27 357
37 201
34 168
3 240
26 161
32 392
4 238
32 26
19 202
24 244
15 507
20 221
29 13
31 297
4 406
39 319
25 116
22 199
25 433
13 111
27 453
24 292
25 477
39 252
40 371
17 15
39 485
38 236
11 349
35 364
29 262
36 194
19 26
14 132
32 155
4 228
22 68
1 475
26 308
40 195
13 45
23 380
4 269
30 55
32 473
20 49
8 277
24 435
24 458
20 85
7 484
26 397
25 507
25 420
8 273
28 169
31 499
23 375
22 341
32 414
35 172
24 223
10 28
11 223
27 399
1 274
36 147
4 109
27 217
22 495
3 170
6 483
11 37
19 113
31 259
28 366
5 312
10 203
33 69
39 500
1 260
36 25
40 268
7 235
19 190
12 150
21 218
6 500
28 314
6 307
26 314
34 31
19 232
36 140
14 335
14 443
17 238
1 177
39 128
26 166
19 466
38 149
37 124
30 113
19 437
33 186
4 415
18 52
20 274
25 122
23 507
38 28
6 207
38 74
36 292
13 124
11 231
14 116
37 244
22 264
14 323
3 107
31 342
32 59
9 25
34 400
14 272
21 100
12 308
7 489
1 89
6 181
21 208
10 146
5 201
24 160
5 387
28 85
30 100
37 20
26 352
21 480
5 171
2 426
12 429
16 401
11 350
15 161
31 54
40 36
16 244
29 249
33 137
7 183
18 153
4 333
18 94
26 451
18 68
30 418
19 466
32 338
9 76
12 400
23 481
18 207
26 455
9 179
14 465
24 152
11 36
18 297
3 473
1 421
22 300
40 509
19 481
21 257
30 21
18 361
35 416
1 50
25 198
22 139
16 414
12 307
24 99
5 107
33 27
30 435
28 338
6 267
12 467
25 50
9 152
4 165
21 153
16 114
13 118
34 189
34 15
38 306
27 423
34 508
31 264
24 99
4 210
8 96
38 361
40 488
26 232
34 256
39 190
3 412
29 446
22 163
34 68
22 249
5 57
30 264
22 374
37 246
26 53
24 84
27 164
5 454
9 399
3 456
30 254
9 220
33 292
24 335
33 27
37 26
5 15
24 375
31 329
3 297
15 287
14 322
32 128
29 169
8 160
39 439
28 168
32 289
21 216
38 143
4 383
10 297
20 282
26 111
12 469
9 167
37 111
11 29
40 88
11 89
22 498
21 338
40 361
20 449
18 426
33 291
11 232
21 31
27 435
23 448
25 20
8 482
12 279
24 193
9 384
35 291
35 484
30 223
26 430
14 244
18 87
16 489
40 298
1 156
34 132
17 460
5 245
15 457
26 128
11 363
25 106
7 68
3 457
5 257
28 139
15 214
7 211
16 368
10 45
17 65
38 302
38 151
8 141
10 394
10 81
18 455
1 85
37 452
3 490
23 400
2 386
27 177
18 492
6 429
10 243
7 389
6 193
33 415
15 323
30 426
6 389
2 267
15 227
40 339
30 103
40 20
10 27
31 409
20 417
31 231
2 506
21 28
40 482
36 355
7 75
14 33
17 337
1 112
5 341
32 456
6 12
9 256
1 348
18 381
19 177
33 249
4 202
18 204
18 395
1 313
23 163
19 108
21 468
13 387
2 346
36 76
19 493
6 368
35 172
23 282
31 36
32 355
20 130
21 98
6 90
12 317
26 79
18 76
40 320
16 382
27 480
32 346
14 466
8 137
19 139
12 310
36 272
27 236
36 48
27 102
19 67
21 213
19 19
2 219
12 278
3 179
19 235
27 54
22 63
24 161
15 285
25 51
38 312
1 134
1 296
18 320
17 479
6 36
19 497
29 12
16 32
12 356
8 39
11 438
15 423
12 330
29 245
23 88
30 344
3 239
33 281
40 178
1 415
28 81
5 145
26 361
30 106
38 266
27 449
17 422
34 329
14 403
8 105
24 306
2 36
27 263
30 427
35 252
15 183
26 428
21 100
31 179
7 329
6 174
20 323
18 474
33 320
18 49
18 191
37 48
20 224
4 218
32 279
23 168
3 477
17 112
18 208
32 106
11 58
1 139
2 199
34 504
32 312
26 470
4 231
11 404
28 504
16 281
4 267
10 216
6 367
21 144
17 442
31 436
1 353
8 204
25 362
29 246
35 83
17 500
28 57
5 444
34 349
26 18
10 496
27 36
5 237
21 410
12 401
39 501
27 447
38 480
30 235
19 305
32 117
6 160
15 32
17 409
14 504
28 172
21 336
29 334
14 211
37 74
5 116
28 40
16 455
33 194
3 421
13 35
39 127
28 34
20 474
4 363
31 192
8 300
29 66
28 423
30 405
18 63
35 247
24 259
15 297
7 418
19 128
27 78
28 323
13 237
10 377
33 449
23 309
3 420
28 411
37 326
37 15
2 160
3 314
33 138
33 400
18 152
9 333
12 105
9 165
35 128
24 468
18 435
11 501
8 327
33 373
7 199
10 217
12 473
25 305
13 318
26 491
3 55
17 23
22 154
30 177
35 54
27 182
10 98
16 18
18 418
5 253
30 103
24 502
9 29
29 362
40 483
34 491
32 351
8 22
27 26
12 110
33 19
25 243
18 150
2 365
1 475
11 359
11 115
22 329
25 491
32 165
16 367
18 188
19 494
11 46
13 83
10 274
4 123
38 42
26 100
8 15
37 200
7 476
36 58
18 282
30 319
28 346
19 426
35 226
21 66
26 114
3 104
