20 10000
6 10 11 11 12 18 11 
5 15 13 14 13 17 
9 16 12 12 18 18 19 17 12 19 
8 17 19 19 14 11 16 13 17 
6 14 10 10 14 11 11 
5 15 17 15 14 11 
6 17 13 10 17 14 19 
5 13 14 19 15 15 
8 18 11 19 15 10 15 17 10 
5 10 13 10 15 12 
7 12 13 18 11 19 10 18 
8 11 10 19 15 19 14 12 15 
7 14 16 19 16 11 16 18 
6 16 14 13 14 16 10 
8 10 11 19 19 13 19 14 15 
5 13 12 11 19 15 
8 11 11 14 12 19 16 10 17 
9 19 11 15 15 18 17 13 10 10 
7 11 14 11 15 19 13 11 
8 17 10 10 15 14 11 12 18 
21 320
10 78
20 108
32 346
34 119
25 108
12 234
11 432
1 283
11 299
30 211
26 386
34 235
2 379
20 503
19 109
24 169
20 225
38 93
4 192
25 477
21 146
5 232
31 454
8 150
7 426
34 353
13 329
9 436
9 117
12 308
20 437
38 440
15 224
34 407
9 68
38 390
7 123
35 466
30 312
38 505
31 152
11 225
2 121
2 12
39 274
21 139
32 268
33 195
5 435
24 435
36 162
26 391
6 122
39 184
15 297
23 346
10 222
32 253
4 54
6 404
30 407
36 362
36 297
11 342
14 483
38 410
38 424
3 252
27 130
37 302
20 300
30 50
4 42
24 188
30 390
33 100
39 458
23 295
8 342
10 162
18 236
14 144
22 345
9 177
8 155
1 76
16 451
7 300
34 252
10 412
3 403
33 262
14 297
11 291
40 369
34 139
19 496
24 441
22 502
39 490
30 420
7 286
12 15
40 187
28 398
12 379
34 286
15 337
4 374
29 44
36 403
4 23
21 289
37 63
4 257
15 474
18 442
21 371
18 169
11 194
20 331
27 43
10 390
21 22
17 330
8 181
14 72
18 455
22 343
12 474
1 247
9 100
30 31
24 469
1 203
4 442
7 59
26 326
22 187
21 387
38 237
10 72
31 448
29 493
32 369
29 214
9 238
27 127
10 459
37 292
35 82
15 222
14 41
1 117
29 71
25 67
9 395
12 440
4 341
35 457
23 224
4 500
3 159
29 202
31 46
7 306
1 50
9 296
4 399
34 493
31 387
1 100
36 373
14 448
36 297
18 247
22 250
9 305
10 198
28 201
5 323
8 47
6 506
4 138
18 78
32 197
38 13
30 422
28 12
24 72
2 450
40 152
22 37
39 432
28 287
15 302
4 111
22 158
30 366
10 196
37 102
6 83
17 217
27 325
30 199
18 361
10 38
6 172
9 145
6 485
6 209
20 218
33 310
9 112
9 347
21 294
3 376
39 388
6 206
14 144
18 432
18 228
31 45
2 220
11 476
27 297
26 167
8 327
31 66
32 328
26 422
36 37
31 323
38 65
2 312
22 108
25 241
29 37
7 59
38 298
28 285
17 394
14 433
15 253
32 335
34 439
10 378
37 81
22 76
19 404
29 30
25 103
24 23
21 379
35 219
30 292
26 447
19 280
14 82
34 54
39 288
14 349
8 292
32 190
29 399
36 226
2 281
22 374
25 143
6 61
4 105
26 190
33 213
11 255
37 325
11 36
14 125
26 102
10 138
34 107
11 210
7 141
32 337
37 118
22 91
20 166
29 206
37 71
40 148
27 185
26 458
14 260
37 281
4 175
40 126
36 279
17 291
14 149
29 111
8 431
35 268
18 73
15 275
5 364
4 292
2 70
4 297
12 509
39 16
5 319
3 289
32 300
1 194
2 31
6 39
15 329
20 234
23 104
30 368
1 255
2 43
38 234
1 478
36 388
15 249
21 458
32 481
11 293
16 382
37 302
14 461
12 402
36 356
27 26
37 296
34 59
13 281
34 502
32 210
4 76
21 273
7 321
35 467
27 251
22 113
14 444
27 506
27 91
35 175
30 261
24 73
21 485
7 436
9 287
27 53
36 428
27 72
2 402
12 38
14 62
4 28
27 399
35 174
3 71
10 281
5 143
7 474
29 234
23 438
3 231
32 207
32 139
32 83
22 492
14 164
35 446
5 382
6 49
18 157
13 376
31 126
12 319
33 322
34 185
21 397
9 74
26 249
14 206
33 225
12 127
22 75
14 256
11 240
18 337
10 99
6 10
6 407
22 499
10 56
5 311
35 274
26 29
5 69
28 178
35 460
27 357
37 201
34 168
3 240
26 161
32 392
4 238
32 26
19 202
24 244
15 507
20 221
29 13
31 297
4 406
39 319
25 116
22 199
25 433
13 111
27 453
24 292
25 477
39 252
40 371
17 15
39 485
38 236
11 349
35 364
29 262
36 194
19 26
14 132
32 155
4 228
22 68
1 475
26 308
40 195
13 45
23 380
4 269
30 55
32 473
20 49
8 277
24 435
24 458
20 85
7 484
26 397
25 507
25 420
8 273
28 169
31 499
23 375
22 341
32 414
35 172
24 223
10 28
11 223
27 399
1 274
36 147
4 109
27 217
22 495
3 170
6 483
11 37
19 113
31 259
28 366
5 312
10 203
33 69
39 500
1 260
36 25
40 268
7 235
19 190
12 150
21 218
6 500
28 314
6 307
26 314
34 31
19 232
36 140
14 335
14 443
17 238
1 177
39 128
26 166
19 466
38 149
37 124
30 113
19 437
33 186
4 415
18 52
20 274
25 122
23 507
38 28
6 207
38 74
36 292
13 124
11 231
14 116
37 244
22 264
14 323
3 107
31 342
32 59
9 25
34 400
14 272
21 100
12 308
7 489
1 89
6 181
21 208
10 146
5 201
24 160
5 387
28 85
30 100
37 20
26 352
21 480
5 171
2 426
12 429
16 401
11 350
15 161
31 54
40 36
16 244
29 249
33 137
7 183
18 153
4 333
18 94
26 451
18 68
30 418
19 466
32 338
9 76
12 400
23 481
18 207
26 455
9 179
14 465
24 152
11 36
18 297
3 473
1 421
22 300
40 509
19 481
21 257
30 21
18 361
35 416
1 50
25 198
22 139
16 414
12 307
24 99
5 107
33 27
30 435
28 338
6 267
12 467
25 50
9 152
4 165
21 153
16 114
13 118
34 189
34 15
38 306
27 423
34 508
31 264
24 99
4 210
8 96
38 361
40 488
26 232
34 256
39 190
3 412
29 446
22 163
34 68
22 249
5 57
30 264
22 374
37 246
26 53
24 84
27 164
5 454
9 399
3 456
30 254
9 220
33 292
24 335
33 27
37 26
5 15
24 375
31 329
3 297
15 287
14 322
32 128
29 169
8 160
39 439
28 168
32 289
21 216
38 143
4 383
10 297
20 282
26 111
12 469
9 167
37 111
11 29
40 88
11 89
22 498
21 338
40 361
20 449
18 426
33 291
11 232
21 31
27 435
23 448
25 20
8 482
12 279
24 193
9 384
35 291
35 484
30 223
26 430
14 244
18 87
16 489
40 298
1 156
34 132
17 460
5 245
15 457
26 128
11 363
25 106
7 68
3 457
5 257
28 139
15 214
7 211
16 368
10 45
17 65
38 302
38 151
8 141
10 394
10 81
18 455
1 85
37 452
3 490
23 400
2 386
27 177
18 492
6 429
10 243
7 389
6 193
33 415
15 323
30 426
6 389
2 267
15 227
40 339
30 103
40 20
10 27
31 409
20 417
31 231
2 506
21 28
40 482
36 355
7 75
14 33
17 337
1 112
5 341
32 456
6 12
9 256
1 348
18 381
19 177
33 249
4 202
18 204
18 395
1 313
23 163
19 108
21 468
13 387
2 346
36 76
19 493
6 368
35 172
23 282
31 36
32 355
20 130
21 98
6 90
12 317
26 79
18 76
40 320
16 382
27 480
32 346
14 466
8 137
19 139
12 310
36 272
27 236
36 48
27 102
19 67
21 213
19 19
2 219
12 278
3 179
19 235
27 54
22 63
24 161
15 285
25 51
38 312
1 134
1 296
18 320
17 479
6 36
19 497
29 12
16 32
12 356
8 39
11 438
15 423
12 330
29 245
23 88
30 344
3 239
33 281
40 178
1 415
28 81
5 145
26 361
30 106
38 266
27 449
17 422
34 329
14 403
8 105
24 306
2 36
27 263
30 427
35 252
15 183
26 428
21 100
31 179
7 329
6 174
20 323
18 474
33 320
18 49
18 191
37 48
20 224
4 218
32 279
23 168
3 477
17 112
18 208
32 106
11 58
1 139
2 199
34 504
32 312
26 470
4 231
11 404
28 504
16 281
4 267
10 216
6 367
21 144
17 442
31 436
1 353
8 204
25 362
29 246
35 83
17 500
28 57
5 444
34 349
26 18
10 496
27 36
5 237
21 410
12 401
39 501
27 447
38 480
30 235
19 305
32 117
6 160
15 32
17 409
14 504
28 172
21 336
29 334
14 211
37 74
5 116
28 40
16 455
33 194
3 421
13 35
39 127
28 34
20 474
4 363
31 192
8 300
29 66
28 423
30 405
18 63
35 247
24 259
15 297
7 418
19 128
27 78
28 323
13 237
10 377
33 449
23 309
3 420
28 411
37 326
37 15
2 160
3 314
33 138
33 400
18 152
9 333
12 105
9 165
35 128
24 468
18 435
11 501
8 327
33 373
7 199
10 217
12 473
25 305
13 318
26 491
3 55
17 23
22 154
30 177
35 54
27 182
10 98
16 18
18 418
5 253
30 103
24 502
9 29
29 362
40 483
34 491
32 351
8 22
27 26
12 110
33 19
25 243
18 150
2 365
1 475
11 359
11 115
22 329
25 491
32 165
16 367
18 188
19 494
11 46
13 83
10 274
4 123
38 42
26 100
8 15
37 200
7 476
36 58
18 282
30 319
28 346
19 426
35 226
21 66
26 114
3 104
29 75
28 227
10 175
9 199
23 226
20 239
35 184
18 182
19 168
14 236
28 361
3 371
20 405
11 34
32 262
39 82
10 188
30 128
16 459
28 227
26 48
27 62
14 85
25 373
27 67
22 443
21 446
27 189
32 278
37 192
1 36
35 51
37 406
13 261
6 329
2 373
39 129
36 433
16 501
19 291
1 90
7 170
17 222
12 209
22 109
22 363
27 498
8 44
17 269
19 443
19 469
29 298
39 73
4 135
27 64
39 316
15 334
7 160
30 20
30 232
10 92
8 97
3 184
3 168
34 122
33 374
32 250
5 11
37 430
20 72
15 247
2 118
15 49
11 165
10 321
38 169
26 166
39 178
12 230
39 274
5 280
1 265
4 495
10 381
6 450
6 389
38 16
40 453
7 459
39 457
1 337
19 15
25 67
6 177
10 214
24 324
27 274
2 199
30 40
21 16
23 356
6 362
25 86
16 112
6 256
31 147
26 18
15 271
26 30
29 205
25 74
2 60
29 292
33 439
6 14
28 497
23 182
40 417
29 497
30 135
6 421
23 20
21 266
33 347
9 62
25 214
9 255
28 306
29 209
38 55
24 374
13 268
9 234
6 498
12 36
14 306
39 237
39 220
17 292
8 474
28 294
10 165
10 286
25 419
8 391
15 392
39 349
21 348
24 167
28 136
5 302
35 484
13 442
37 218
16 445
5 412
20 55
30 111
34 223
11 10
28 327
16 55
29 385
16 81
6 72
30 431
28 333
36 89
16 441
20 332
19 173
25 448
30 144
20 392
20 411
16 156
31 480
24 88
18 289
30 92
34 208
24 410
34 260
12 139
34 480
24 262
15 390
11 205
7 91
18 75
3 174
33 63
15 117
12 194
39 143
7 442
4 132
5 419
33 378
39 268
39 203
31 334
14 62
40 449
6 459
6 329
34 79
25 110
29 366
25 277
22 60
12 386
5 97
6 259
16 185
8 304
10 379
11 452
14 500
3 268
12 249
18 414
29 312
5 346
31 298
36 213
12 16
20 225
15 227
5 411
5 333
36 123
33 28
29 475
9 300
16 161
22 163
16 51
28 422
18 327
33 195
13 253
12 313
12 147
1 137
40 275
4 96
11 505
25 148
34 474
21 398
36 171
34 33
3 210
16 442
30 349
18 103
36 170
18 256
31 279
6 51
15 38
8 127
37 94
16 199
1 46
30 378
30 333
32 114
36 188
29 107
38 367
11 462
10 449
31 29
30 138
21 105
37 50
13 42
5 478
14 386
17 365
25 267
19 145
14 415
6 111
15 193
39 407
28 338
37 48
8 407
7 270
14 184
1 67
20 286
38 494
33 95
20 407
4 379
25 66
36 60
19 491
26 478
19 82
17 77
31 506
17 138
37 171
24 418
40 224
25 106
19 198
3 48
26 387
28 480
14 44
33 453
17 467
33 256
30 70
26 502
9 492
1 174
24 285
25 224
10 470
12 50
10 355
19 244
3 495
37 17
13 438
32 398
6 225
7 277
8 162
40 46
27 241
13 491
8 487
17 358
38 17
29 96
33 328
2 436
5 239
34 186
19 394
37 405
32 412
3 89
27 431
8 402
34 29
15 22
17 80
33 444
10 111
13 143
20 55
20 85
36 502
24 295
30 381
21 42
7 353
4 394
25 440
38 279
31 13
2 456
26 504
13 216
8 467
20 228
23 260
27 139
35 111
15 333
6 105
29 461
19 181
36 64
3 474
37 62
28 467
31 254
24 445
31 112
13 151
34 256
32 329
37 496
13 152
2 107
38 379
29 37
22 246
35 505
1 120
40 30
20 111
17 85
17 429
18 290
1 360
40 314
22 265
3 156
38 313
4 497
26 154
35 428
1 458
6 442
11 174
5 340
26 431
26 164
21 444
15 262
38 323
37 168
1 60
37 180
27 410
18 241
17 33
2 286
25 276
1 244
11 375
25 57
19 331
22 340
37 498
3 403
2 501
12 84
22 70
25 257
1 263
19 366
37 341
25 462
18 406
8 37
22 113
8 261
26 138
22 191
17 174
15 280
16 487
37 58
18 302
37 507
6 136
26 183
19 51
7 65
19 323
16 61
29 372
24 203
3 246
35 469
21 458
22 417
27 287
9 325
30 114
14 476
11 380
20 50
33 127
17 212
23 393
34 61
38 418
25 449
6 129
11 407
20 193
38 355
1 475
2 391
10 336
8 161
29 349
33 322
37 150
15 249
16 130
31 482
1 396
4 35
26 376
16 287
30 442
35 372
10 145
4 180
34 453
14 224
23 227
27 100
38 403
22 94
26 481
17 255
11 182
24 77
19 408
25 97
3 329
30 441
7 55
14 482
29 136
7 132
25 74
5 63
18 256
19 332
30 56
21 289
39 53
28 118
2 201
17 133
23 507
7 179
23 221
22 392
38 337
37 43
4 431
28 211
28 87
16 246
24 305
9 204
31 225
23 141
39 360
27 131
29 374
3 400
36 293
6 275
3 491
39 215
3 247
19 431
7 496
31 300
14 388
37 334
26 500
28 213
2 424
37 199
31 328
32 216
22 418
4 425
31 483
22 154
12 241
39 387
10 438
40 213
27 217
20 261
39 196
27 401
21 493
21 241
22 373
30 265
33 474
11 24
18 153
31 10
16 438
31 454
17 111
40 172
10 388
6 369
26 82
31 27
16 192
1 218
38 399
24 179
6 144
36 153
10 56
4 14
15 383
2 341
8 162
26 146
12 121
8 458
16 459
26 100
32 76
11 390
8 124
11 23
21 447
29 239
24 161
7 468
18 249
22 214
32 348
33 432
22 401
31 346
21 198
19 333
35 439
24 71
24 115
7 153
24 444
25 388
19 320
29 325
30 339
12 451
1 425
16 331
19 448
11 508
7 298
34 390
18 238
34 122
35 82
28 239
27 342
8 306
35 306
24 406
38 196
38 507
22 414
12 269
3 191
30 330
10 292
33 49
32 208
4 207
11 473
27 138
28 395
26 151
14 250
38 21
28 236
1 38
24 393
1 187
25 111
19 396
37 60
38 257
29 290
37 380
24 84
20 400
40 286
25 355
37 283
17 453
33 78
25 345
13 326
33 378
38 372
15 163
6 41
13 375
5 58
17 269
15 97
23 296
24 396
12 241
12 349
28 373
20 361
11 221
28 73
21 446
38 196
11 52
31 352
29 244
24 506
14 227
24 505
36 308
34 496
10 255
18 66
9 447
40 169
29 288
15 90
36 213
20 315
7 199
20 16
4 104
23 426
25 95
5 29
36 507
27 274
3 193
34 213
1 442
23 131
12 298
14 288
32 182
36 99
2 444
16 294
10 459
14 55
27 179
5 131
7 432
27 271
19 421
5 440
4 336
32 416
7 467
5 467
30 129
28 353
7 504
20 297
25 394
33 340
34 258
33 230
12 200
2 139
14 307
40 158
16 473
16 451
21 101
11 411
4 307
17 479
25 86
9 98
13 450
11 376
29 232
39 221
5 281
21 227
29 262
27 53
28 283
25 349
37 96
1 289
25 199
1 390
38 218
9 439
1 248
16 51
14 243
13 439
5 455
20 434
30 227
28 126
31 313
16 216
31 57
19 136
17 448
7 363
20 336
16 361
25 440
33 239
37 507
40 382
15 168
18 353
16 126
12 227
1 276
16 172
26 123
21 264
5 156
40 265
25 104
27 398
6 361
31 403
1 139
26 356
40 72
10 376
32 362
4 313
31 220
6 145
37 115
10 90
4 359
16 437
16 303
28 330
5 147
6 206
39 341
3 267
26 93
36 286
16 420
40 415
2 406
14 307
14 144
30 466
16 426
36 141
30 265
4 216
33 379
23 373
1 455
13 307
29 458
35 326
39 15
34 341
23 476
21 117
22 71
5 446
38 161
28 49
7 233
38 161
33 361
15 154
29 496
2 39
27 377
6 507
14 428
1 137
6 171
15 348
15 160
15 62
3 204
24 70
18 402
24 371
24 439
26 402
9 456
22 64
15 276
4 49
17 94
7 431
18 262
32 181
24 248
36 67
25 28
10 63
31 43
35 16
23 429
19 240
38 181
18 393
18 50
15 335
25 450
40 83
26 220
26 458
29 330
18 242
32 336
38 463
20 61
20 332
3 367
25 402
21 51
28 179
23 412
16 68
15 104
33 249
5 239
8 115
30 54
30 102
12 337
27 92
19 15
17 63
36 171
6 105
35 82
6 498
35 122
8 31
27 41
1 372
1 310
8 171
25 19
27 77
17 162
3 76
10 268
32 86
12 426
5 188
22 299
7 177
22 75
9 469
29 459
22 70
2 151
35 455
11 190
6 348
33 229
37 203
10 238
31 111
17 304
12 199
36 307
30 198
16 407
8 173
39 330
17 309
34 160
18 325
31 324
14 24
6 272
8 224
23 339
28 200
24 308
21 68
9 451
19 173
31 255
19 251
39 264
13 241
5 499
28 96
36 62
1 50
35 170
8 18
30 284
40 123
26 441
24 383
13 132
9 72
20 76
24 499
14 206
2 439
18 130
37 55
13 478
38 349
29 54
40 480
32 408
16 106
2 468
10 63
33 219
9 14
36 133
14 310
12 76
11 219
19 108
27 221
27 405
23 57
21 111
18 473
13 462
20 43
23 390
20 57
30 417
12 226
11 406
18 212
16 109
4 363
18 231
17 125
37 180
3 418
13 41
12 486
4 440
30 108
3 458
26 261
28 58
9 100
5 495
5 121
37 417
6 495
21 243
1 106
5 125
18 38
7 238
25 492
12 375
21 183
7 87
6 383
26 255
24 431
23 117
34 28
27 508
24 208
4 113
16 497
19 14
16 227
13 381
20 105
38 141
30 413
29 56
29 343
32 454
27 383
32 149
24 280
10 256
9 83
22 125
21 282
40 438
10 214
20 50
20 398
4 430
4 93
19 134
29 119
29 384
15 481
35 87
22 13
36 72
17 387
38 499
2 159
18 352
34 78
23 162
30 267
6 314
1 253
9 118
34 506
3 49
1 506
30 71
33 154
36 290
34 163
30 236
23 48
29 165
20 460
20 130
20 94
25 409
9 215
8 43
14 352
25 383
39 403
28 52
31 272
24 125
16 102
3 79
4 420
37 452
34 98
15 282
33 348
25 362
24 41
18 107
26 172
3 74
8 119
39 159
13 291
6 149
27 469
10 219
30 147
4 444
6 279
20 260
8 93
15 13
27 202
13 202
27 284
29 123
5 76
24 118
1 390
28 436
20 318
8 70
27 352
8 181
12 416
22 228
22 238
34 169
21 35
4 136
13 321
32 398
11 216
17 440
27 253
29 287
25 205
39 360
38 47
2 158
24 305
19 146
36 154
36 305
2 509
14 183
23 226
14 402
4 419
35 371
26 392
12 419
18 339
20 476
7 142
7 171
20 47
18 164
22 454
22 212
4 84
29 116
24 151
19 76
24 35
40 418
28 280
10 495
12 290
12 179
25 280
23 54
28 489
11 498
5 362
23 229
19 280
26 283
5 186
12 177
2 481
36 118
14 106
26 55
17 259
27 150
40 259
37 336
1 97
27 14
32 218
37 431
12 411
36 105
10 396
3 492
18 199
24 461
26 398
9 171
30 424
34 370
36 200
7 106
30 214
33 430
26 38
22 106
3 46
4 73
24 315
7 290
27 499
24 141
30 293
5 81
11 159
32 75
20 480
34 478
15 476
29 449
7 92
28 138
19 440
13 51
28 100
35 443
32 119
17 22
34 70
24 305
11 25
1 411
6 384
31 21
13 120
4 48
13 52
20 173
14 73
25 422
34 240
7 446
13 272
29 447
36 42
33 247
20 454
19 246
11 370
28 372
4 412
34 25
6 282
31 280
36 245
35 350
18 390
37 19
16 86
27 32
21 40
40 369
36 259
16 155
11 205
21 443
10 123
21 404
18 341
17 434
19 61
17 97
4 254
10 140
21 405
13 291
7 421
1 263
14 98
39 133
36 120
29 94
16 70
20 322
4 357
29 23
39 214
34 44
9 412
5 279
38 327
23 85
21 404
21 103
23 89
9 127
22 486
23 127
30 43
22 494
21 380
39 141
15 461
38 385
26 191
37 364
11 408
11 441
33 120
25 137
2 455
17 445
22 308
13 172
24 195
28 426
36 507
40 492
1 426
10 15
30 215
40 310
16 151
32 109
25 117
7 155
33 333
33 336
14 346
1 19
23 497
26 439
37 186
4 146
13 482
22 51
10 363
2 494
15 434
25 108
25 172
17 446
38 38
15 173
6 465
33 249
35 459
29 141
26 442
20 79
37 123
31 296
7 314
23 322
1 68
12 474
14 17
34 420
28 229
14 114
7 107
4 331
39 22
25 33
17 285
13 414
29 65
3 216
12 175
40 153
16 440
21 158
30 223
32 186
5 346
2 321
35 134
5 194
29 150
9 146
16 162
2 314
40 93
31 280
21 391
7 38
32 236
9 462
32 449
30 85
37 272
7 72
19 232
7 89
23 316
36 288
20 118
35 380
25 454
22 506
39 269
25 499
6 63
3 286
33 433
32 130
38 100
35 137
33 291
7 185
40 284
6 408
23 249
30 288
16 272
36 223
22 309
4 368
5 507
15 59
13 495
10 171
28 66
9 250
38 505
28 138
2 82
8 13
32 158
23 356
23 419
21 145
21 125
14 275
5 489
15 246
25 345
18 254
4 47
25 442
33 113
22 15
36 98
10 348
9 153
25 212
33 106
10 122
12 44
30 37
34 405
16 339
4 374
14 336
3 419
40 296
33 330
13 49
1 163
38 210
37 72
15 210
11 453
25 84
30 404
22 352
2 227
24 234
22 459
12 345
19 172
3 233
23 424
23 104
20 502
15 225
35 58
28 74
4 441
19 182
18 102
7 329
30 251
24 252
11 456
19 411
21 62
25 452
27 248
9 247
11 192
13 146
3 81
34 435
3 53
30 42
36 177
32 306
10 256
20 109
26 479
1 15
2 486
1 349
16 198
17 455
24 390
15 315
12 497
24 315
11 42
18 176
1 50
23 119
40 363
21 194
23 71
22 353
38 351
35 114
23 120
23 115
31 346
31 303
4 503
40 215
19 298
4 88
10 196
20 478
12 109
25 76
13 407
2 412
12 306
39 483
7 270
39 259
9 350
23 133
27 503
10 74
23 62
15 473
31 43
24 344
25 149
21 359
37 171
24 137
18 471
1 226
3 40
38 32
4 221
7 419
26 485
34 349
20 329
23 332
33 447
37 198
37 66
30 122
38 502
1 37
35 202
16 38
16 422
31 308
16 206
40 190
4 42
32 265
32 35
18 65
3 243
16 48
22 495
32 220
18 253
10 441
8 194
40 224
29 372
33 434
11 81
37 444
16 338
22 168
34 128
6 178
4 171
27 206
19 219
27 485
33 506
40 102
13 80
7 491
13 181
6 205
15 223
30 412
22 180
21 257
1 488
36 205
32 483
12 499
24 159
37 497
18 437
40 40
19 248
24 292
30 130
38 13
14 468
26 237
21 328
27 482
9 103
8 149
27 420
9 259
1 306
10 419
25 30
32 232
39 164
17 29
27 196
16 322
25 142
20 487
23 375
10 460
19 479
30 386
20 79
7 301
27 77
22 100
8 354
5 208
12 382
10 487
19 454
30 65
18 190
25 389
38 343
23 365
35 281
5 44
34 72
18 69
10 240
22 78
36 27
7 436
22 346
36 162
33 407
20 71
18 453
34 485
29 485
23 293
27 276
38 301
29 504
31 319
6 213
39 162
13 506
31 324
13 195
19 327
3 387
39 170
1 181
28 310
7 31
4 255
29 410
37 478
8 249
39 334
15 18
29 377
25 268
14 199
4 361
27 388
21 394
11 262
17 387
33 64
39 146
40 48
29 198
20 497
8 499
24 83
38 501
1 11
30 335
11 55
29 58
24 118
14 323
13 351
23 275
36 302
2 57
24 151
16 52
10 24
12 302
28 390
37 390
22 247
18 434
3 96
13 67
7 267
3 269
31 274
17 356
30 287
6 102
39 342
15 409
27 27
25 295
18 190
18 140
38 85
7 62
34 389
10 421
29 342
3 449
29 408
38 367
28 244
22 308
7 445
18 274
5 251
30 211
22 429
5 201
27 100
4 221
22 362
3 320
17 507
22 495
16 100
15 285
5 506
14 252
24 132
27 98
25 417
2 147
7 187
9 34
9 433
36 99
9 220
32 174
28 214
22 464
7 58
30 480
25 312
13 189
26 80
20 151
39 123
31 314
11 321
22 420
35 426
1 372
7 113
20 195
29 390
21 316
29 231
38 334
37 351
5 163
33 485
15 400
29 286
27 241
28 237
2 184
17 503
9 484
18 277
1 267
21 310
24 438
14 202
6 259
7 471
23 308
17 58
21 387
26 448
29 422
39 111
19 24
16 337
29 54
15 10
22 104
33 226
36 36
10 490
16 157
34 188
38 91
27 347
39 413
8 428
17 507
1 116
12 477
14 362
32 38
13 322
15 15
1 359
4 151
2 168
9 484
9 95
37 277
15 376
31 412
6 348
20 167
26 273
5 388
8 145
19 181
40 243
9 189
35 421
2 126
31 119
23 120
8 508
18 331
38 58
4 12
7 485
32 193
31 145
23 67
23 330
9 431
26 267
21 350
21 283
9 452
24 260
34 292
2 292
4 328
11 189
33 79
15 193
33 106
11 176
34 302
40 243
14 254
3 175
37 225
40 254
18 184
36 72
37 458
6 69
27 185
31 300
17 254
34 211
33 505
8 207
28 216
4 10
24 135
18 249
13 466
17 360
23 193
33 448
32 267
11 259
6 450
20 243
38 374
15 239
40 164
40 156
21 72
19 25
40 25
8 242
5 453
3 316
27 356
38 267
17 309
19 251
32 407
35 138
2 271
11 482
16 499
11 137
4 478
24 452
16 260
15 21
6 118
31 181
36 129
1 421
19 148
25 19
16 340
31 158
12 62
1 368
34 452
7 306
31 491
39 107
4 275
10 138
14 289
40 190
11 89
12 178
18 457
30 114
39 381
25 231
4 86
21 178
19 76
25 290
8 65
38 492
13 348
11 55
30 419
27 229
1 179
20 419
18 279
26 257
21 479
9 426
18 58
5 425
7 411
36 23
29 434
8 490
24 467
18 94
19 465
5 68
18 53
20 104
25 194
34 167
6 171
6 412
31 371
10 186
23 226
3 432
22 399
35 266
20 142
1 427
40 506
9 426
13 157
3 418
25 65
26 51
38 352
37 289
25 475
8 328
35 211
2 185
4 505
4 152
40 485
12 429
25 249
8 226
40 60
17 285
6 52
37 184
17 474
6 450
23 475
40 326
39 10
32 471
28 136
16 189
22 229
11 435
39 147
34 59
28 480
5 155
5 503
12 110
18 487
22 249
15 162
8 322
13 408
7 361
17 443
11 488
33 342
36 473
31 259
13 167
32 199
35 297
3 336
8 501
24 290
4 459
33 500
2 446
2 397
21 127
14 32
8 335
36 213
29 335
25 163
35 237
3 499
35 386
36 411
40 480
15 164
40 476
38 42
36 248
33 405
8 455
38 17
11 134
3 421
10 228
25 294
26 268
34 469
15 450
13 215
31 256
1 191
26 367
14 182
28 495
28 16
11 346
26 63
2 437
5 272
38 390
7 452
39 181
34 134
12 476
10 383
25 51
15 491
39 130
14 207
26 82
5 46
10 431
2 232
10 415
5 208
26 393
22 433
35 256
20 28
5 238
24 139
31 308
23 30
11 478
39 385
21 284
24 311
16 214
24 406
22 370
16 256
24 98
22 159
35 430
40 409
22 273
21 133
14 204
16 193
23 75
11 213
40 184
17 397
11 242
16 202
13 92
39 197
11 322
29 367
5 218
29 447
4 350
21 246
35 66
32 59
2 191
13 323
28 470
33 448
13 49
31 294
23 430
4 154
25 22
14 179
13 323
39 405
34 29
24 50
8 116
30 410
40 203
26 357
14 479
18 356
10 277
3 493
20 168
8 486
23 491
18 104
7 465
2 310
27 334
13 115
23 291
19 431
27 433
9 489
6 415
18 264
25 22
30 426
11 226
33 202
10 399
27 206
17 489
9 33
36 50
29 447
14 496
39 509
3 489
39 17
17 18
14 271
21 212
30 200
31 431
23 182
23 30
9 368
12 78
2 16
29 372
24 291
21 311
33 472
13 120
22 379
31 296
31 500
21 21
1 473
25 424
36 456
7 365
37 147
4 400
24 393
13 448
17 314
13 158
40 234
31 302
14 91
40 85
32 281
7 114
15 380
31 231
29 167
37 187
7 361
8 152
15 181
21 260
36 182
39 104
10 19
8 352
3 328
11 23
10 218
10 186
32 350
18 109
30 336
37 357
38 205
10 422
7 432
35 204
7 275
29 205
7 37
31 78
26 22
34 297
1 413
36 161
36 222
4 454
11 241
12 78
28 143
13 155
36 208
20 363
24 138
10 99
28 301
38 363
24 101
33 33
27 317
8 451
32 140
6 272
34 38
3 150
14 24
39 430
13 487
35 38
18 185
18 475
27 137
11 279
39 172
25 426
30 181
38 350
34 104
15 377
35 146
40 498
31 507
9 225
8 192
24 294
30 370
22 185
40 281
17 67
34 451
14 264
25 192
28 128
37 411
38 261
19 206
32 50
27 509
28 383
35 360
10 253
4 121
32 412
23 77
33 178
9 147
15 335
1 83
4 458
36 290
12 375
29 152
38 384
35 375
40 38
28 119
4 140
33 256
26 464
35 59
15 184
7 111
20 368
15 304
20 11
7 220
39 265
34 486
2 357
22 91
8 270
3 212
24 124
30 138
1 125
18 257
2 225
29 503
7 32
28 95
37 224
16 104
30 10
31 312
20 273
16 288
5 287
22 129
12 292
28 174
10 286
12 400
4 269
24 279
34 33
35 371
38 12
17 68
3 388
1 212
3 106
33 28
26 175
18 479
8 246
34 58
25 54
12 69
36 184
30 150
30 45
3 296
18 468
37 402
17 67
27 340
6 288
1 240
25 199
20 253
38 194
25 503
9 445
34 245
22 392
17 21
30 388
30 169
29 356
12 386
16 359
40 122
40 121
3 433
2 404
40 440
11 173
5 21
11 487
7 421
12 132
3 490
33 82
32 402
11 404
10 35
24 190
38 233
32 341
39 454
38 379
16 18
13 161
20 492
9 127
7 201
33 30
4 454
25 25
30 224
22 320
12 15
31 238
21 143
33 440
39 499
1 315
30 194
17 230
20 446
19 127
28 440
18 12
27 92
18 425
29 141
6 250
37 77
9 78
2 390
11 141
23 160
37 433
8 402
5 216
21 492
36 169
33 322
22 148
15 41
27 53
23 141
4 160
12 113
19 262
37 78
4 420
32 181
14 268
36 487
17 105
40 353
15 233
16 425
35 412
19 130
18 470
4 90
3 16
16 190
19 233
2 503
14 34
5 477
15 89
37 312
7 266
26 290
12 310
9 407
23 208
18 509
20 483
12 131
20 329
35 100
23 117
36 38
4 110
16 127
32 301
40 68
40 426
11 93
9 100
1 133
30 360
15 310
24 416
14 164
38 289
17 481
27 42
40 379
5 504
39 377
19 119
18 399
6 478
13 104
31 463
38 209
24 201
12 488
30 135
25 388
25 443
31 153
6 359
33 311
37 213
29 344
13 456
16 348
27 58
25 186
2 363
29 166
17 89
7 208
25 480
17 471
24 288
5 230
21 478
22 186
12 200
23 494
9 447
35 264
26 320
3 348
24 372
27 421
23 342
30 508
24 48
40 68
29 425
20 158
25 162
17 65
35 48
20 192
29 75
29 175
16 433
25 48
6 360
23 237
36 421
19 348
2 399
9 332
6 37
31 199
13 157
17 236
38 146
2 375
2 59
32 87
13 397
8 120
10 279
30 134
34 277
23 196
18 73
9 324
3 341
36 484
31 461
22 377
40 472
14 503
4 126
3 346
4 399
19 102
32 497
18 406
16 41
3 274
15 453
39 47
27 295
32 466
37 74
4 186
27 418
22 400
5 453
39 389
25 386
13 57
16 51
24 480
5 388
7 29
14 26
29 309
22 281
16 48
17 88
7 224
20 97
17 373
3 44
16 76
23 77
35 488
1 419
21 394
28 397
16 470
24 173
32 67
8 376
8 133
18 23
18 146
33 304
12 196
1 456
13 305
14 228
6 335
1 435
3 129
5 327
13 430
14 53
18 130
11 434
4 217
30 442
16 103
39 56
40 121
14 393
7 368
35 393
25 444
29 256
6 335
36 347
38 258
14 436
29 505
31 473
3 501
29 259
17 336
36 225
18 298
11 205
28 414
19 193
31 249
30 458
17 206
6 23
26 380
20 175
26 151
22 429
5 239
29 430
28 474
36 207
33 447
13 261
3 481
15 394
23 225
13 488
13 480
12 219
21 292
27 68
24 217
18 417
9 156
8 206
23 324
34 224
32 295
19 455
29 262
3 180
21 376
1 94
17 501
14 39
34 29
28 58
40 74
28 377
3 496
4 34
13 466
32 414
35 419
22 64
34 245
18 343
23 87
30 300
22 72
20 56
35 416
16 23
4 264
33 395
22 306
23 403
25 363
30 60
15 213
26 137
19 192
14 50
12 92
32 42
38 12
40 293
2 36
9 94
1 390
2 31
29 445
8 143
29 426
16 412
40 150
3 68
35 205
11 296
18 143
31 136
37 259
30 259
28 67
26 418
39 368
2 476
35 58
32 92
6 497
18 446
40 229
7 16
27 159
25 405
3 324
3 280
37 293
20 405
22 214
4 141
24 447
30 367
38 411
32 164
21 490
32 81
20 447
30 327
39 83
34 231
21 245
32 18
19 373
24 221
8 69
3 140
9 154
40 195
38 493
1 499
24 441
21 173
21 352
33 21
8 55
13 17
13 85
28 13
39 133
15 16
15 419
29 392
34 190
28 312
4 269
32 136
3 213
22 125
6 484
27 323
40 368
33 14
26 402
28 234
16 83
23 59
35 432
4 249
23 360
2 275
11 342
5 14
37 395
20 91
32 255
7 93
4 429
28 399
12 456
6 188
40 57
8 216
22 20
6 434
33 349
22 184
32 295
40 69
4 308
14 244
17 249
18 361
11 266
1 183
3 67
32 84
17 440
21 288
33 87
35 15
17 105
12 450
34 72
20 118
14 354
23 119
5 22
1 456
21 63
21 333
31 333
10 429
35 391
38 56
39 261
4 237
39 297
8 293
10 176
12 72
4 96
12 457
11 494
6 80
38 375
6 509
30 356
19 305
28 125
34 48
39 459
26 279
37 442
13 95
11 306
21 323
35 33
13 46
28 368
27 406
36 214
37 126
23 324
32 140
23 467
21 10
7 295
2 152
38 36
40 177
23 441
14 418
36 455
5 324
36 412
32 241
39 117
40 371
34 473
24 65
1 373
37 336
9 39
1 227
36 409
5 239
12 79
18 148
36 91
5 32
5 25
14 452
15 315
16 258
29 508
24 198
2 221
27 371
2 196
39 158
18 325
39 278
5 25
19 261
30 73
15 443
11 389
28 267
17 393
18 314
34 170
33 457
5 220
29 327
37 249
26 344
15 353
35 300
32 75
3 170
29 178
6 420
20 182
8 446
28 386
33 503
10 447
1 123
28 110
3 54
32 257
31 255
4 194
9 164
30 440
7 239
11 121
33 211
36 21
10 405
9 92
29 287
20 190
31 176
33 34
23 334
12 302
22 76
30 319
33 88
32 248
21 403
10 162
16 347
4 94
13 61
19 482
21 47
13 80
5 146
27 128
21 228
32 392
37 250
24 219
31 145
28 340
9 159
23 485
19 508
1 432
22 88
15 92
9 408
5 34
15 461
23 357
22 63
22 167
26 134
39 326
12 28
27 150
40 491
36 367
20 37
40 242
39 183
35 288
24 181
3 467
23 454
25 505
31 247
13 505
3 381
32 483
30 320
26 270
12 443
38 132
33 406
7 132
2 31
21 354
33 212
14 176
8 320
2 507
28 175
5 271
9 166
28 139
7 414
10 119
18 16
24 12
35 299
25 37
23 35
12 364
28 387
13 236
8 395
16 96
12 430
9 449
9 445
10 404
40 468
16 39
18 448
12 81
20 165
40 252
33 332
9 270
20 331
39 248
27 424
6 119
35 183
10 124
1 480
1 161
21 225
33 107
6 73
2 94
32 130
27 113
35 285
36 356
9 64
25 164
1 271
17 16
35 175
21 256
28 490
11 277
36 292
6 62
39 396
17 279
39 473
5 162
31 302
31 48
27 445
25 28
37 170
5 493
18 154
2 174
5 341
5 181
7 159
24 174
8 221
26 255
27 19
30 126
14 462
7 509
28 61
18 445
24 403
31 251
38 362
38 23
36 51
25 11
3 269
6 439
32 312
7 359
5 138
27 327
1 334
10 329
8 48
35 301
33 387
25 479
2 503
16 478
16 381
31 439
32 497
20 464
11 247
24 464
6 131
32 455
27 302
25 183
12 381
25 273
21 210
25 191
15 429
10 91
24 481
31 284
20 231
21 111
20 393
28 334
38 40
23 313
4 248
9 164
10 155
10 219
26 215
3 401
18 254
13 130
36 345
7 36
37 336
28 25
22 396
33 428
18 176
34 250
5 412
27 24
20 377
36 254
13 180
29 59
35 470
30 491
36 425
29 214
14 497
32 17
15 273
6 301
30 361
4 344
26 491
1 14
9 137
1 430
18 98
11 73
30 501
26 206
20 63
33 214
13 334
12 276
8 499
10 379
1 154
16 455
26 117
22 483
35 411
7 394
11 78
8 401
40 354
40 180
30 202
36 152
9 448
21 317
8 180
37 277
35 93
25 302
11 375
6 287
20 21
34 471
20 470
5 501
26 505
14 416
28 398
9 65
8 319
4 116
12 401
15 155
28 300
18 27
29 65
27 489
19 169
21 508
13 154
2 139
20 364
36 189
16 94
27 284
26 311
21 86
6 116
34 382
18 373
22 267
19 398
37 346
28 186
27 29
33 37
21 173
3 46
35 487
21 291
32 227
35 141
34 489
31 376
32 497
22 103
37 509
22 342
29 390
1 384
33 42
35 262
28 146
29 252
6 270
36 78
30 319
32 132
30 151
2 150
21 432
26 86
15 428
9 472
40 278
17 413
33 100
36 62
39 306
35 53
9 31
24 248
11 25
13 129
37 415
13 147
29 207
34 112
29 132
37 277
3 114
11 257
8 187
32 135
6 307
2 96
39 494
5 158
40 398
1 18
15 94
6 484
34 368
29 111
33 354
1 437
29 252
7 505
1 187
34 107
7 356
4 154
3 369
5 44
9 126
23 404
33 49
9 196
18 306
40 92
13 370
22 450
3 249
29 384
9 123
25 104
32 17
19 503
28 244
28 477
12 431
34 413
21 443
22 220
22 443
33 83
6 15
26 257
25 15
35 22
19 308
7 439
38 206
36 386
31 164
4 143
17 418
30 398
22 192
19 432
16 252
28 270
8 223
21 353
19 196
16 199
25 323
31 503
30 255
31 302
1 75
6 338
15 176
37 325
30 325
31 474
10 447
26 167
23 447
33 231
4 218
23 469
14 94
33 393
31 332
8 92
9 314
23 224
32 488
10 182
26 481
17 65
10 223
5 421
23 426
25 135
37 108
5 360
4 47
6 375
12 474
8 109
9 71
34 101
32 205
4 399
27 262
5 437
38 370
12 182
29 37
38 467
27 392
20 171
32 254
7 492
21 335
15 338
27 257
13 287
35 397
27 323
12 472
33 171
15 293
14 165
24 140
13 299
5 281
23 497
8 338
31 437
26 414
8 253
4 389
13 160
20 401
4 120
14 65
32 390
32 466
16 364
40 509
16 313
11 307
32 499
18 123
37 492
10 33
6 234
16 107
35 384
9 199
17 204
26 470
27 298
37 323
23 365
13 147
32 444
27 164
16 273
28 201
38 146
7 184
1 331
4 97
8 474
17 246
19 383
17 446
2 474
30 313
1 423
13 193
40 88
38 484
34 114
18 152
13 93
17 314
38 450
32 166
17 30
13 424
34 450
23 65
26 313
19 87
29 161
1 277
22 107
34 137
14 472
30 507
26 448
22 164
11 55
12 496
6 65
13 468
37 316
34 411
30 234
31 187
28 100
37 318
20 399
8 102
32 419
2 258
20 252
16 291
20 428
8 214
34 381
16 331
38 38
35 148
5 414
36 341
15 121
33 43
13 289
18 65
21 428
36 249
34 420
21 14
29 149
30 164
23 86
36 401
5 60
30 71
15 354
33 311
8 394
7 21
17 26
7 66
27 232
29 309
13 30
25 323
13 375
8 384
2 452
39 407
25 157
39 309
5 361
13 13
8 148
16 465
35 91
5 451
16 22
33 150
25 258
14 406
6 430
24 416
15 103
37 69
1 476
31 446
10 172
1 267
13 317
33 169
21 86
21 406
21 54
17 187
6 351
34 120
34 58
10 337
22 35
7 244
32 106
3 171
31 472
11 273
10 344
3 20
24 384
19 213
11 156
1 425
40 316
27 462
27 257
40 210
33 28
7 125
35 318
9 87
12 260
13 402
6 476
35 358
13 374
24 472
31 146
39 359
3 266
14 10
4 443
21 137
12 496
35 427
36 233
7 428
14 48
3 420
25 279
39 206
34 24
12 506
31 251
38 454
10 361
5 362
25 507
32 97
36 435
25 492
21 361
21 336
2 425
37 108
5 505
15 179
2 167
38 21
19 225
16 257
39 409
32 64
29 292
2 94
1 507
7 70
1 329
39 452
27 485
21 132
23 196
12 193
37 319
15 104
37 11
35 304
1 507
9 11
33 351
6 202
11 13
5 401
15 353
6 270
31 87
23 502
36 36
28 321
36 231
39 73
23 462
18 484
10 67
28 91
11 274
26 450
29 240
32 452
26 378
36 105
6 447
20 71
4 476
33 160
40 140
6 123
15 284
20 246
24 277
18 443
32 305
15 161
18 67
7 312
27 11
10 381
11 50
25 116
19 167
29 259
40 184
23 436
9 163
23 142
1 489
26 314
27 301
36 13
30 263
6 137
35 416
39 55
27 145
12 166
33 269
6 293
26 277
30 244
14 233
19 203
36 145
30 191
28 167
26 138
11 500
16 175
30 115
3 57
21 223
5 394
5 471
21 120
22 239
17 364
6 424
8 370
30 259
22 338
7 236
17 178
30 73
6 328
30 257
18 271
13 283
7 147
16 176
40 326
28 305
31 62
10 79
33 120
19 316
32 86
13 109
26 111
24 440
12 194
31 351
6 352
35 101
20 359
30 440
38 219
26 197
2 296
18 36
18 437
33 50
37 226
40 463
31 312
36 451
27 275
15 294
29 259
28 449
11 347
11 478
27 457
28 169
15 274
6 493
25 379
24 262
27 172
26 266
38 450
10 165
7 194
40 176
26 177
18 97
37 189
36 412
8 73
34 371
20 461
5 85
21 229
8 268
2 42
15 60
6 426
7 393
33 155
30 247
33 368
37 178
19 242
3 175
8 346
39 188
20 84
7 469
14 443
39 36
39 94
38 505
13 293
39 314
1 289
14 455
18 80
14 37
35 398
13 311
37 80
12 225
37 447
7 299
32 106
9 51
34 255
17 395
1 424
11 22
26 445
18 192
26 433
31 169
32 264
13 249
38 154
35 183
34 342
4 166
30 493
38 472
1 95
28 470
12 399
33 406
6 292
32 192
26 503
35 26
40 16
36 286
23 71
31 298
14 275
25 332
21 504
17 190
20 346
21 293
18 474
20 412
7 472
38 461
16 141
40 417
30 436
4 354
8 495
13 243
3 438
8 212
3 54
3 364
21 384
38 467
20 178
13 447
12 11
2 448
25 422
26 483
20 391
10 336
7 163
32 479
3 329
32 366
24 416
3 105
1 209
25 129
1 478
30 361
22 12
22 315
15 349
12 263
21 310
13 96
27 353
28 250
3 441
17 387
38 21
5 127
11 91
10 440
2 508
14 233
21 285
29 276
27 21
21 196
5 462
25 480
28 42
3 172
24 20
32 310
22 226
18 242
10 368
35 60
17 158
26 218
36 164
16 251
38 357
20 191
12 413
24 308
16 75
13 260
37 214
11 107
33 330
2 431
39 206
4 397
37 459
28 333
4 284
37 482
22 205
35 134
11 19
16 396
36 97
17 161
32 49
1 425
32 292
17 399
31 170
29 36
10 86
2 74
3 127
37 186
5 52
1 124
33 85
33 489
36 351
11 168
21 92
35 101
5 420
33 204
23 471
13 41
30 283
28 101
3 346
8 416
39 430
14 292
16 235
2 20
7 253
30 456
7 105
30 52
26 84
38 290
28 171
24 286
16 121
40 39
20 349
17 39
40 319
33 116
35 435
10 463
30 500
12 357
6 151
30 452
8 488
23 464
21 396
3 437
18 163
37 158
33 254
38 113
34 499
31 450
16 41
14 446
22 154
24 116
18 182
9 214
32 133
11 301
30 102
31 368
7 36
27 100
32 193
7 186
6 118
29 450
20 371
17 170
19 21
19 357
4 28
13 344
2 424
38 12
28 409
21 115
7 376
8 59
23 103
6 437
2 204
40 350
28 105
13 127
39 332
26 151
34 379
29 196
4 167
10 152
38 59
8 493
29 157
25 180
21 119
30 304
16 178
35 425
36 349
33 83
14 507
35 216
7 404
34 160
33 92
33 119
24 402
25 113
40 190
6 141
30 84
26 307
23 422
25 219
4 106
3 126
27 359
24 174
4 78
27 157
11 321
9 495
4 62
30 104
33 224
38 384
30 13
4 393
28 97
14 380
36 237
7 491
37 171
7 182
22 322
20 93
36 438
10 188
13 20
25 427
25 212
4 375
38 28
2 186
18 204
7 502
14 394
27 360
19 334
35 489
9 203
24 474
34 494
35 168
15 129
36 228
34 80
37 92
21 47
39 407
4 314
2 366
1 77
19 300
4 442
11 242
19 195
17 461
10 52
10 173
22 46
14 196
19 31
29 408
39 388
28 503
23 399
3 85
9 270
26 62
26 497
25 33
13 342
7 203
35 298
29 398
37 304
15 145
36 205
6 236
14 43
20 118
23 283
36 240
27 410
35 441
1 428
7 422
11 494
19 487
5 176
6 311
1 301
9 286
7 183
15 422
39 83
1 342
40 65
36 95
8 59
29 57
9 36
13 80
31 280
40 145
37 274
29 407
9 86
26 256
2 389
19 22
25 188
5 13
6 121
1 255
22 318
13 491
15 114
24 207
7 313
25 173
20 482
33 189
9 299
27 11
9 94
34 334
16 220
1 62
22 130
18 492
22 100
16 477
7 229
25 283
15 358
9 155
21 62
6 230
2 261
15 371
28 97
26 312
38 227
16 481
19 14
14 481
15 131
19 503
21 465
19 76
4 268
12 486
11 46
29 161
40 132
5 337
11 411
22 369
40 346
11 319
22 146
1 297
38 80
33 459
6 112
28 339
21 88
18 180
8 215
34 468
9 47
26 400
20 129
2 68
28 294
20 10
21 509
29 39
30 282
11 105
16 207
37 245
28 295
19 456
3 441
26 32
2 52
5 270
34 376
31 331
11 399
22 432
21 471
24 319
15 495
37 471
15 394
17 171
22 316
21 374
39 227
27 69
32 161
12 135
30 203
7 29
3 277
14 332
30 458
24 325
14 102
17 477
29 334
21 360
4 450
35 231
38 462
33 131
36 165
7 334
29 202
16 292
32 498
37 402
17 449
8 379
24 345
9 222
33 179
23 505
22 138
29 481
21 62
33 46
8 348
1 417
3 418
10 203
37 507
7 195
9 303
27 182
22 105
5 503
17 308
1 87
27 418
9 368
1 502
7 29
31 469
19 222
8 329
27 273
17 354
1 114
30 217
17 480
23 22
16 280
31 17
28 98
36 258
40 237
21 55
27 433
5 386
28 381
16 255
8 21
30 297
17 89
35 254
22 158
38 79
39 429
37 128
21 354
39 169
12 320
17 180
14 71
27 83
25 252
39 281
34 270
32 231
32 267
27 102
19 85
34 38
27 100
19 216
15 226
18 367
28 284
8 122
16 436
18 481
29 366
16 283
37 16
8 169
16 323
32 383
1 127
35 96
40 262
26 503
22 372
23 210
37 240
33 333
17 212
36 186
19 400
2 36
9 158
26 373
34 298
10 63
18 205
13 326
8 147
30 278
40 22
29 498
35 143
32 112
16 468
31 255
29 441
24 458
1 170
5 255
9 263
12 68
1 153
35 257
21 46
29 141
21 198
32 504
22 293
9 18
34 88
14 452
22 386
3 303
29 416
40 199
12 200
8 321
26 131
20 327
18 289
9 67
8 282
4 299
8 361
10 10
2 413
15 505
12 47
29 382
24 337
22 465
30 318
7 64
30 187
12 97
17 182
37 286
5 410
6 361
4 76
12 247
22 508
13 315
36 30
18 488
21 248
6 431
27 414
17 485
14 209
15 252
24 421
39 177
4 445
31 276
2 84
36 333
13 97
9 117
9 315
18 170
24 85
22 99
12 419
17 274
2 341
7 194
35 34
5 267
40 84
36 471
21 241
17 434
31 274
24 140
10 331
11 122
9 234
34 89
6 479
4 456
33 212
24 108
39 197
16 400
14 93
32 124
27 349
11 346
24 284
8 182
28 119
17 205
26 51
7 181
3 479
30 25
4 462
14 112
40 331
33 115
17 205
32 432
15 471
11 499
36 439
22 192
20 159
18 234
23 365
28 414
18 227
20 210
30 395
15 171
39 156
27 176
14 199
1 89
11 60
9 396
21 91
29 381
3 308
28 134
14 205
10 340
25 310
4 295
38 47
19 105
17 74
2 239
6 211
2 266
5 239
23 446
24 72
40 255
33 116
11 228
34 409
29 279
32 293
16 99
2 363
17 219
31 308
31 385
12 461
12 317
34 135
24 206
29 412
2 262
2 321
11 376
23 381
29 476
15 53
36 337
29 101
17 28
22 337
7 103
31 239
1 173
28 506
40 405
31 311
20 473
5 480
11 389
22 328
26 357
34 410
36 471
24 73
33 95
11 440
31 31
32 440
25 228
39 54
26 39
18 475
13 23
36 184
33 138
5 247
36 419
30 160
4 343
35 65
19 466
18 458
30 358
31 24
28 371
31 42
3 469
18 96
13 294
22 227
13 467
15 398
8 306
31 100
2 114
38 261
14 196
20 252
15 291
17 463
15 28
39 246
30 197
24 312
13 446
40 246
14 335
25 122
34 377
23 464
24 61
6 246
18 266
40 134
11 97
18 394
39 425
2 297
16 454
30 437
21 470
4 135
19 150
39 121
20 302
7 192
17 281
40 443
21 408
10 280
38 349
15 305
27 137
24 71
32 34
29 313
26 14
22 485
37 29
7 365
24 14
10 369
9 318
26 18
39 64
19 406
6 294
32 362
33 136
34 345
12 264
20 498
31 430
24 468
12 411
34 464
27 212
27 44
4 173
23 431
38 182
30 473
9 223
28 230
20 90
17 352
27 57
11 306
20 155
27 472
8 281
9 315
15 444
20 199
38 243
3 177
18 142
23 75
6 159
19 46
22 56
40 130
6 71
9 274
28 385
7 116
7 356
12 482
2 112
22 240
8 486
10 306
9 241
2 315
33 361
14 176
38 82
7 204
15 416
19 203
2 46
12 438
24 72
13 26
37 424
39 213
3 358
12 360
32 222
8 174
17 210
23 175
26 478
1 121
27 180
25 18
20 465
29 452
10 50
11 247
27 418
33 58
9 153
39 50
8 267
17 133
11 248
30 445
19 11
27 294
32 212
33 240
30 90
5 240
14 344
28 289
16 269
29 65
15 88
16 471
17 161
38 508
22 236
14 309
8 341
5 260
34 238
2 52
2 15
13 144
13 101
14 149
3 251
35 466
13 152
38 18
26 364
7 397
13 301
39 21
3 484
3 17
24 105
2 226
33 35
31 506
37 125
8 328
30 44
15 391
37 53
22 331
39 257
21 192
31 109
15 374
14 318
12 138
36 282
5 217
18 56
25 275
23 53
4 233
18 219
5 263
5 355
28 364
5 497
38 344
19 93
19 374
12 79
13 508
34 199
26 352
36 271
40 259
26 404
13 392
4 86
9 217
2 425
3 227
35 461
32 55
35 259
30 287
31 411
36 225
11 342
10 188
15 378
8 261
3 410
26 227
29 483
38 112
21 201
20 357
23 381
13 38
13 311
38 505
35 442
3 507
37 482
36 72
21 464
34 465
7 309
13 45
5 459
18 375
1 318
33 144
40 466
23 14
30 329
32 173
4 423
13 230
6 49
35 88
35 458
34 210
40 67
28 85
40 234
13 509
34 14
7 74
33 10
21 431
33 281
6 285
6 459
28 432
10 492
21 493
3 395
36 243
4 133
21 312
20 463
34 94
30 501
30 132
13 79
4 174
22 490
32 388
11 149
21 281
34 163
7 117
39 151
13 343
17 362
28 326
26 151
1 125
5 411
30 486
32 142
21 174
26 442
23 257
24 352
39 258
28 134
36 396
38 409
12 244
32 69
11 419
13 312
17 46
25 475
34 185
30 15
12 424
10 243
2 74
28 41
33 285
36 29
34 283
19 94
40 32
36 419
12 57
4 317
25 277
25 459
35 435
15 495
13 106
31 215
1 360
38 483
18 402
13 500
18 273
7 386
26 432
18 226
2 211
16 267
1 361
27 125
37 23
33 478
10 33
15 131
34 273
35 212
28 449
13 35
23 480
14 349
5 253
28 76
37 292
24 126
26 392
24 271
36 46
23 366
40 118
38 294
32 434
19 388
16 40
16 279
33 371
29 107
5 25
36 410
10 348
29 144
13 462
8 329
21 191
36 261
10 15
36 170
2 383
12 358
36 156
38 469
8 235
17 473
33 433
36 251
23 94
28 196
29 484
27 238
17 43
20 307
31 376
19 181
12 211
40 208
40 498
18 69
14 76
3 167
30 248
39 113
15 135
31 424
13 306
3 118
22 483
6 82
20 225
4 292
29 125
21 478
24 499
28 179
16 411
27 407
12 87
1 27
35 152
12 16
31 435
27 482
19 234
25 99
32 149
12 70
7 213
1 220
14 269
12 110
1 419
18 14
7 508
22 403
33 463
32 293
39 80
36 139
35 161
31 447
23 452
30 259
18 91
12 52
1 404
4 363
4 150
30 152
31 240
28 493
36 148
7 276
29 383
36 364
37 475
25 28
20 503
40 119
28 292
12 277
17 304
13 490
36 191
15 287
5 371
1 309
20 388
18 70
24 174
7 489
31 420
31 251
37 331
31 45
25 364
35 290
9 137
13 445
1 96
14 286
28 335
29 309
37 355
32 169
11 487
32 502
21 203
26 358
35 446
24 128
3 47
12 300
17 373
39 39
11 153
6 259
9 243
21 386
32 121
9 451
2 389
34 191
5 28
22 300
27 126
2 458
14 22
32 32
36 31
24 187
25 218
20 494
15 189
22 235
12 259
39 242
21 461
26 414
2 156
15 490
35 465
9 129
20 381
22 57
13 54
5 66
26 13
22 261
16 264
29 336
24 356
31 493
10 37
20 480
6 443
31 149
2 241
39 70
23 262
28 357
9 194
16 263
40 158
17 436
23 194
33 415
31 24
1 41
22 489
3 76
6 314
26 16
16 326
19 500
29 388
18 226
15 102
31 315
14 188
13 505
36 494
34 255
12 503
10 402
14 141
12 248
36 378
17 481
5 376
34 262
25 12
30 168
35 301
5 49
10 206
36 194
13 298
23 245
22 421
9 116
35 301
37 191
40 154
25 354
32 327
29 265
20 427
7 276
21 92
6 392
11 350
19 24
21 62
31 124
16 240
21 219
2 279
32 42
14 405
29 434
26 187
13 394
27 308
3 17
13 318
22 372
1 169
29 343
33 488
8 37
1 29
10 443
29 342
27 64
40 204
39 154
24 372
22 180
13 393
10 254
24 280
39 406
22 197
30 503
38 186
14 88
8 324
32 198
7 339
23 235
25 82
23 109
16 465
2 457
19 160
5 244
33 12
11 416
22 369
20 69
28 134
10 444
39 10
23 446
3 226
35 216
10 98
18 86
4 289
36 243
22 429
8 416
35 459
13 177
1 73
27 57
9 77
15 488
21 318
28 112
26 291
1 176
30 327
35 422
37 479
6 240
22 475
17 377
7 458
15 437
12 271
35 61
21 170
11 110
30 307
23 356
11 372
33 309
33 468
24 490
8 70
31 30
18 356
28 154
35 432
32 168
36 407
10 225
19 101
17 389
1 380
6 180
14 99
2 127
8 246
18 336
30 318
28 36
7 244
31 163
17 103
32 201
32 382
20 411
5 85
1 214
26 367
8 40
27 410
28 503
18 107
32 296
6 28
5 273
26 197
37 271
1 89
6 133
13 74
25 426
12 314
13 298
22 61
12 469
13 180
25 451
28 486
20 34
27 105
29 461
3 66
6 73
37 380
27 98
27 73
25 139
28 338
18 391
1 450
33 194
12 507
18 388
34 418
16 181
4 405
24 296
12 198
2 97
39 397
16 206
31 41
6 180
13 104
4 454
36 105
9 508
13 467
37 427
6 493
10 378
39 74
7 340
13 217
10 172
28 455
19 259
9 45
20 50
22 184
25 378
11 474
7 224
34 105
5 148
39 435
40 467
30 375
40 251
6 418
4 382
26 123
2 44
21 403
7 343
28 273
3 199
40 78
37 363
4 250
24 104
6 212
24 164
21 52
28 355
23 12
18 18
36 200
35 477
24 182
1 13
8 12
25 377
12 310
33 96
21 425
1 67
31 93
12 400
38 320
28 290
13 166
21 437
7 396
7 292
39 57
18 356
10 191
6 482
23 147
12 384
5 453
13 384
20 505
37 218
7 213
29 128
12 490
19 68
7 154
33 287
24 339
4 103
11 50
38 354
38 190
20 443
37 161
29 365
39 286
24 314
33 414
24 53
5 183
14 113
18 155
1 371
15 365
27 347
36 85
34 434
9 114
18 94
28 27
20 116
15 364
31 488
31 195
2 357
39 337
31 38
13 192
2 309
18 409
29 442
35 31
37 444
27 223
39 243
4 319
32 387
37 112
8 136
28 90
14 508
8 285
27 390
18 277
32 504
39 29
39 502
33 144
20 380
1 159
17 293
20 157
13 337
30 81
34 399
12 289
28 69
35 275
32 22
25 332
39 412
2 147
7 95
24 35
37 185
36 422
11 496
20 332
14 171
26 128
3 407
38 299
17 462
27 109
37 300
22 184
33 124
32 448
40 297
17 17
23 501
32 283
10 193
8 152
5 203
21 256
31 168
28 408
3 303
38 288
24 280
25 137
25 126
38 445
16 243
4 227
17 224
23 267
38 300
40 103
16 22
40 287
23 88
36 494
32 34
15 316
35 428
6 40
7 213
26 151
9 270
12 227
16 63
35 234
16 236
39 40
31 19
28 122
1 344
29 321
31 424
31 366
33 117
27 81
23 214
5 461
25 137
1 301
34 356
37 238
5 196
32 24
8 280
39 497
18 436
32 177
21 483
17 35
1 272
29 253
7 374
7 441
33 76
23 387
25 100
18 199
29 78
16 186
12 44
4 158
1 176
28 163
40 53
11 230
39 340
24 486
15 371
28 48
28 492
16 53
5 383
33 63
34 298
30 494
15 254
25 144
12 14
20 60
40 31
3 67
12 447
35 408
39 303
9 87
8 66
22 414
10 215
38 84
6 48
32 29
3 405
27 55
12 155
9 161
28 80
1 380
29 456
1 168
1 419
37 229
26 367
4 256
23 90
21 270
11 241
40 115
20 295
11 240
24 460
34 312
22 304
33 391
21 303
20 342
3 285
5 29
25 37
6 409
1 95
20 440
30 448
16 10
37 48
23 369
29 326
22 371
3 195
3 64
39 144
28 42
22 153
12 256
31 178
6 492
27 166
34 285
27 310
8 32
11 219
34 189
6 404
33 349
21 145
15 420
2 143
36 392
17 208
29 308
8 135
22 483
34 56
1 90
7 237
35 399
37 198
9 324
35 322
34 24
20 409
18 430
33 82
4 170
3 293
40 499
2 250
35 404
27 424
15 494
34 439
34 440
30 303
17 413
27 259
31 415
2 57
27 43
12 491
35 103
37 163
16 387
6 259
33 41
37 108
8 19
40 251
12 358
27 397
13 502
30 32
19 500
2 86
16 402
10 79
18 35
35 282
36 329
3 37
23 48
18 80
20 219
24 201
38 59
19 171
15 429
36 154
30 466
21 295
1 491
7 48
27 291
11 271
33 194
1 17
35 480
38 484
20 102
6 246
14 105
11 397
16 295
12 286
3 113
34 452
5 130
13 101
34 505
5 67
20 355
25 116
16 503
21 504
26 107
3 89
25 342
19 421
11 360
21 74
6 463
7 400
6 201
34 40
27 47
9 227
3 162
4 59
7 265
36 93
25 340
15 259
35 343
1 494
16 210
9 350
27 417
31 441
19 73
23 146
22 412
34 345
15 187
18 62
13 142
37 147
35 160
39 339
36 260
34 380
4 224
32 319
34 451
13 81
38 416
40 320
9 422
18 373
22 244
36 236
40 413
16 43
27 463
15 251
36 38
33 368
35 333
20 77
37 122
31 335
11 59
36 189
14 495
35 265
40 171
22 300
6 58
25 481
2 48
5 66
39 186
28 374
12 296
12 330
31 283
26 131
15 143
21 498
19 204
16 199
36 438
1 282
17 166
16 339
7 170
38 327
17 14
22 50
24 475
21 403
11 367
15 275
3 176
6 322
33 62
23 430
1 344
5 318
23 150
18 250
1 384
18 498
32 101
21 384
9 102
20 508
31 496
36 154
13 82
38 227
5 321
18 466
18 191
5 201
34 411
12 335
29 499
35 221
13 56
18 350
40 66
31 451
23 316
6 57
11 404
17 365
38 115
12 416
7 438
38 322
22 39
18 319
31 313
13 312
11 319
15 351
27 194
23 270
23 229
20 83
7 285
9 33
21 101
3 29
20 389
12 63
9 330
3 140
25 97
33 336
37 436
28 124
4 311
16 315
21 44
19 348
23 168
23 52
23 154
22 483
16 254
27 294
6 251
15 199
29 209
8 86
38 44
32 450
36 428
19 217
25 338
27 476
40 270
10 451
17 432
7 141
8 155
8 94
7 44
34 76
14 502
35 72
27 195
4 223
16 111
21 270
2 476
39 130
7 449
14 344
23 190
7 391
6 243
26 73
28 100
22 362
3 485
36 470
34 280
34 330
4 455
1 14
13 21
6 500
31 48
26 174
39 153
18 405
37 224
31 506
5 301
9 248
28 125
11 142
26 233
13 118
10 395
34 443
37 100
16 208
9 462
16 209
16 122
27 334
28 267
21 493
29 30
23 177
9 134
12 383
29 114
15 379
22 309
35 99
30 439
28 379
3 12
21 339
28 377
14 304
25 335
38 34
7 361
5 344
37 57
40 186
32 403
38 354
13 61
14 91
33 83
24 224
28 233
5 404
11 59
29 76
36 328
24 231
22 497
8 359
35 476
26 48
13 284
15 414
6 30
19 168
14 503
25 30
37 130
8 317
31 317
26 55
38 178
19 509
28 35
29 404
24 236
33 417
13 28
5 188
19 364
9 141
8 274
25 73
38 133
3 417
11 458
5 418
37 432
20 486
40 117
31 504
6 164
3 48
13 76
29 221
21 118
15 129
13 60
23 119
14 415
29 466
6 182
17 331
15 485
10 255
35 29
21 130
14 152
11 208
21 88
2 342
19 465
12 272
39 143
25 393
11 102
12 105
6 417
10 221
23 428
18 327
19 59
10 473
12 309
2 261
10 432
16 277
11 396
2 450
12 115
4 272
39 25
38 325
35 488
39 167
18 345
27 197
37 477
3 437
39 174
31 209
39 475
19 30
24 209
1 85
6 146
18 13
4 56
31 287
6 58
7 284
37 122
34 482
12 325
1 59
32 292
9 132
21 76
23 313
7 465
39 81
12 77
7 456
7 106
4 501
25 372
18 242
35 292
6 268
38 467
8 291
20 418
4 201
35 407
36 102
33 235
36 305
26 303
34 121
30 327
35 396
32 433
19 367
6 333
16 164
21 433
16 382
24 348
16 19
29 272
3 302
21 479
9 495
24 43
29 162
23 412
11 243
18 371
32 392
5 216
17 327
22 334
2 174
3 466
15 112
20 138
36 69
38 345
37 222
29 354
18 81
39 117
25 285
9 405
30 15
15 407
15 445
22 77
33 246
24 488
39 104
7 95
26 65
21 411
9 299
38 495
13 205
5 26
3 275
5 193
11 80
14 306
6 164
24 319
3 248
28 443
34 255
19 200
22 449
33 431
1 51
39 302
18 64
1 421
40 286
28 451
7 390
18 214
27 110
34 139
40 311
15 34
7 442
35 209
24 168
33 165
1 92
28 299
18 470
21 318
17 509
11 445
40 497
20 128
21 162
40 141
26 23
36 362
38 231
4 31
1 386
37 90
19 486
10 457
37 431
37 34
14 16
12 162
26 312
31 147
36 231
9 122
35 285
37 42
18 230
6 239
29 91
2 268
10 392
27 207
16 324
3 438
13 395
34 27
29 65
36 505
38 285
28 21
32 434
16 410
17 310
2 454
15 152
35 153
37 122
22 41
27 425
1 108
21 403
29 350
1 485
16 87
11 453
22 163
20 346
26 77
18 396
32 381
21 427
15 266
31 217
29 318
3 110
8 433
6 237
16 155
3 461
4 314
27 174
31 475
13 225
33 499
3 405
13 344
25 89
32 204
7 389
24 419
40 272
25 186
2 309
2 405
31 54
40 358
21 371
14 275
38 207
15 41
5 329
6 119
39 466
36 194
8 20
14 28
33 139
35 475
30 26
21 41
33 422
21 335
34 55
31 360
16 206
14 49
16 109
1 275
8 166
11 457
39 405
6 301
6 22
9 316
21 479
38 154
2 79
10 164
36 421
18 220
21 452
22 485
2 464
2 311
3 53
9 490
19 75
24 325
30 242
2 319
14 321
15 444
1 285
1 357
8 159
30 157
33 373
15 495
18 77
27 141
11 396
12 411
25 97
37 95
20 200
16 382
22 211
39 243
37 460
34 25
1 352
23 202
26 499
10 384
29 178
6 29
7 479
13 220
37 350
37 237
31 53
32 393
25 119
10 82
20 412
9 21
17 112
4 312
12 95
29 10
34 396
32 169
36 505
23 273
36 380
31 376
14 451
22 19
3 432
2 471
25 179
26 431
33 390
36 225
26 465
28 228
2 300
19 58
6 110
12 131
11 163
20 245
7 302
5 358
16 335
23 49
8 497
33 481
28 249
27 343
36 116
24 46
17 143
26 192
26 258
16 417
15 504
3 210
19 248
22 363
37 73
26 273
3 67
35 131
38 282
27 354
19 220
13 285
4 327
10 291
19 474
9 182
11 193
5 458
2 135
15 347
29 409
33 452
9 48
5 467
32 380
22 51
33 44
29 138
24 487
10 483
14 459
26 465
13 380
37 64
16 420
4 46
2 58
11 479
7 256
8 259
38 90
32 411
15 469
10 180
10 300
24 444
21 151
23 382
32 508
39 368
21 384
27 431
23 439
31 370
36 179
11 302
11 263
7 226
5 437
7 363
19 392
21 320
24 392
15 396
13 175
37 502
40 353
14 323
13 165
26 309
26 497
33 437
21 500
4 315
38 392
31 497
25 160
38 297
13 194
6 274
10 131
9 398
17 31
14 450
10 88
21 216
27 194
14 168
35 138
24 453
11 484
32 136
25 90
26 19
25 300
6 123
33 244
34 238
36 416
30 146
38 419
23 265
14 485
14 129
37 239
23 328
4 503
26 189
35 220
9 200
2 324
5 275
21 167
34 165
37 24
13 115
24 496
33 378
23 135
28 280
27 60
9 419
16 43
2 331
37 491
13 459
8 178
15 57
6 69
4 103
15 357
11 359
26 272
19 509
9 67
10 104
40 368
17 365
4 159
9 349
11 50
29 288
29 364
6 396
35 390
12 498
40 392
38 275
25 417
25 394
38 44
12 286
5 49
4 497
29 22
40 328
33 329
17 123
15 284
32 98
15 192
17 244
17 275
32 71
6 125
26 352
2 138
39 255
8 112
6 365
15 274
35 28
24 132
4 267
17 344
6 61
30 283
38 295
12 350
39 426
36 154
11 319
13 238
35 302
3 149
8 158
36 331
40 349
37 12
9 202
30 156
36 420
12 94
8 172
5 256
31 242
23 50
22 376
2 457
39 165
8 316
5 204
40 333
14 285
38 344
9 228
21 425
29 261
21 186
7 434
35 206
17 26
30 59
3 220
38 51
26 446
8 31
31 336
17 26
35 384
11 432
25 340
38 435
14 199
34 209
35 237
9 132
4 347
25 135
20 31
7 126
18 375
11 449
5 196
36 508
33 167
33 367
20 119
23 283
32 97
5 127
35 82
12 67
2 125
35 22
17 211
10 455
39 129
26 472
38 202
1 80
11 242
40 199
15 423
15 355
21 149
23 324
24 63
4 187
22 267
30 167
31 180
24 239
2 350
32 309
13 162
30 392
17 158
5 440
2 248
28 423
38 99
28 303
36 460
31 26
20 169
6 380
11 490
40 481
21 152
3 215
7 501
8 393
12 373
14 414
23 303
18 341
3 406
25 239
19 456
38 268
19 485
9 298
16 89
32 138
22 244
14 378
18 282
4 79
17 426
26 100
10 153
2 454
32 408
26 100
17 485
9 164
11 338
15 267
40 268
6 342
25 228
1 431
24 165
23 341
5 178
22 143
4 204
10 416
25 317
37 151
35 206
28 94
37 452
22 145
1 237
9 54
38 30
18 502
37 170
4 110
1 254
6 205
32 377
22 245
27 108
9 170
7 386
25 33
39 447
39 380
17 488
15 176
32 241
19 37
24 344
20 433
39 426
19 231
24 82
38 171
11 195
22 326
2 427
12 241
36 360
22 233
1 377
10 41
12 410
11 204
35 399
11 174
7 450
7 451
13 353
16 44
1 286
24 304
35 404
18 411
37 489
25 287
19 376
29 159
7 229
25 10
21 176
25 128
7 60
33 129
26 377
26 488
4 218
5 199
36 11
3 61
13 77
29 41
6 499
21 61
1 386
12 382
23 77
32 11
11 413
33 225
31 487
6 275
27 179
16 151
24 407
5 365
37 235
19 111
27 429
5 136
28 417
39 52
36 499
24 455
5 25
33 24
25 68
21 40
40 97
24 112
37 430
19 15
6 206
27 221
28 473
10 477
31 49
10 207
30 414
23 135
40 165
13 273
6 134
27 154
12 31
28 409
14 67
25 448
34 373
2 83
27 200
21 206
11 411
27 121
6 398
9 86
16 90
12 322
5 199
18 277
24 66
8 366
34 81
8 228
35 158
24 270
12 193
30 431
17 65
5 251
16 482
10 53
26 371
36 119
3 322
38 475
1 54
23 343
28 479
5 412
30 57
35 170
32 333
14 29
31 179
22 36
23 292
22 57
4 286
29 408
22 247
24 171
22 47
16 259
27 409
24 486
7 27
9 39
34 432
30 433
32 172
22 95
25 232
5 450
20 503
11 450
11 63
14 374
32 458
26 459
40 478
18 508
26 276
20 188
9 290
35 141
35 265
38 101
11 63
24 191
27 83
14 139
27 436
6 79
8 320
12 288
31 158
37 477
15 18
19 464
1 462
7 445
20 165
39 399
29 271
3 117
15 405
29 322
3 443
35 59
16 115
8 87
34 466
5 30
37 52
15 466
27 422
24 416
40 131
28 490
3 80
28 78
6 37
2 297
33 477
9 269
33 378
37 187
5 390
18 150
16 34
29 131
29 202
8 218
34 185
9 206
18 137
37 72
35 359
23 328
17 400
18 250
39 423
19 444
6 477
27 430
4 385
15 142
20 283
13 242
1 390
1 407
40 407
1 375
27 24
4 425
5 270
36 25
26 435
22 180
26 238
4 98
16 347
21 384
31 422
39 421
5 101
1 13
21 130
29 448
7 413
34 401
4 371
39 198
19 421
12 393
20 16
33 456
24 54
13 315
38 493
29 463
35 239
38 424
22 187
13 198
2 68
32 106
20 51
18 67
33 210
34 454
27 275
23 411
30 425
7 128
39 137
13 482
9 391
39 419
11 452
10 353
1 242
1 281
14 439
10 88
30 132
3 345
20 274
17 410
20 304
20 439
34 453
34 491
17 501
24 96
27 202
31 296
18 232
39 60
24 249
29 142
34 12
20 462
8 417
5 308
2 85
21 485
39 343
29 56
38 61
34 473
37 425
2 383
30 169
36 502
39 414
17 473
7 305
28 35
23 482
17 265
8 266
3 428
10 401
5 128
3 459
22 400
37 193
4 215
15 49
30 455
16 387
29 63
33 186
12 236
9 117
23 205
24 426
14 462
8 440
32 112
40 14
33 106
20 266
14 244
28 213
32 304
1 449
8 115
28 288
24 477
6 27
36 258
15 138
14 251
11 486
24 300
33 198
7 382
37 49
39 305
15 351
10 37
1 446
33 110
28 325
8 314
14 92
6 129
4 320
1 483
7 66
16 480
25 11
3 402
34 162
28 497
14 286
15 136
5 508
19 493
7 155
9 509
21 55
31 505
16 340
29 503
39 94
4 344
18 168
27 340
31 423
11 166
2 194
35 116
16 222
30 211
30 239
33 151
35 32
17 139
13 467
23 453
34 96
18 340
17 14
14 416
10 193
35 321
40 410
18 264
25 368
36 184
29 17
8 372
10 314
25 244
22 328
18 164
25 464
17 10
31 359
40 90
13 35
4 114
7 170
19 400
11 324
37 468
2 446
14 213
21 379
18 363
28 124
8 454
21 205
5 241
6 65
12 439
14 64
14 221
27 402
2 298
39 380
20 389
27 282
3 408
22 381
32 190
6 120
5 416
6 431
30 212
37 310
5 271
7 27
13 134
2 436
13 329
37 21
32 464
16 495
5 138
38 317
30 204
18 443
21 84
35 451
10 193
34 123
25 309
31 279
16 254
36 50
24 353
4 476
30 49
33 363
40 319
21 190
24 439
15 466
4 330
38 142
16 501
18 162
23 238
22 280
25 126
11 397
40 223
7 118
25 168
14 486
20 483
37 184
23 132
23 267
36 390
31 160
4 497
35 227
8 85
40 253
24 159
24 12
16 199
3 181
28 285
8 176
1 314
1 12
39 333
1 83
36 12
5 140
22 388
40 271
7 49
5 359
1 497
5 265
17 176
40 385
15 436
34 404
3 96
30 371
2 371
35 178
36 20
19 418
22 359
30 57
9 36
17 291
6 462
9 404
12 177
10 275
7 25
32 390
22 122
34 372
34 390
11 50
3 190
30 493
30 480
11 280
37 289
24 224
32 301
9 212
32 239
20 267
5 193
30 355
16 93
8 131
36 99
22 67
30 120
22 161
14 433
34 439
35 186
4 148
8 113
21 288
14 22
28 439
36 387
36 352
33 344
4 137
5 135
25 55
28 87
37 30
22 479
3 417
6 307
26 123
2 248
4 96
31 141
16 307
1 152
20 182
38 113
12 263
1 197
19 29
18 357
13 480
37 204
38 324
12 433
40 254
22 32
3 273
26 60
21 375
13 209
10 31
15 402
35 96
1 435
27 207
13 508
8 98
5 54
35 397
20 43
13 490
37 176
4 423
17 313
40 419
16 30
31 371
14 67
29 355
23 416
23 264
37 71
35 310
18 459
8 287
23 181
38 400
19 363
17 64
9 297
16 225
8 256
38 82
24 387
18 147
24 321
32 401
13 447
12 340
7 388
28 231
31 226
24 250
10 129
27 440
7 472
26 76
1 232
19 373
32 66
13 96
28 253
18 102
21 178
23 429
40 391
33 311
18 465
22 29
8 197
30 343
10 456
20 71
30 48
17 482
27 138
20 175
24 46
38 266
26 189
16 466
13 29
38 372
15 160
2 263
18 192
28 349
29 348
21 159
29 39
23 184
18 191
21 391
30 107
38 136
30 174
23 51
4 349
24 19
22 146
24 189
31 360
11 309
1 132
21 279
12 284
36 171
28 145
23 387
26 189
24 76
24 448
8 36
18 373
28 129
40 160
31 32
21 382
2 403
7 483
3 360
9 467
32 417
6 63
5 392
25 150
29 289
19 417
18 217
11 54
27 132
16 338
25 57
33 327
1 409
23 464
2 252
33 122
11 219
38 444
12 463
35 401
13 14
19 251
33 431
26 400
24 490
20 49
21 133
9 330
35 360
16 485
14 49
20 253
21 318
30 53
22 114
15 355
21 94
7 182
6 382
24 410
25 292
20 94
38 157
18 142
11 394
28 453
16 57
39 385
16 77
11 479
4 214
15 494
1 411
37 156
14 229
27 339
14 348
35 121
18 33
4 197
28 212
3 192
30 30
30 467
29 189
27 121
16 250
16 385
22 262
22 276
24 430
17 39
31 372
1 457
6 245
36 302
18 127
27 49
39 245
29 88
7 136
10 11
7 295
37 370
30 260
39 74
3 436
34 142
9 95
40 183
13 76
38 472
17 505
22 36
23 211
25 358
8 155
10 55
3 88
18 33
1 246
29 212
23 191
35 461
40 275
37 301
5 156
34 230
34 116
19 86
8 64
37 496
20 488
13 492
37 299
6 98
6 455
31 50
40 486
4 108
34 329
10 287
18 153
10 321
2 309
20 419
14 25
8 63
14 289
8 411
2 254
30 308
31 141
19 179
28 191
28 63
14 18
11 32
24 42
34 115
32 434
27 47
13 123
31 295
6 339
20 176
34 390
5 273
13 165
5 481
37 61
5 51
21 217
25 425
12 259
21 284
15 396
32 476
33 263
4 107
3 504
4 166
16 89
12 249
15 418
3 433
40 449
5 381
39 38
8 99
39 169
4 314
27 185
23 260
1 235
8 373
33 472
32 457
34 504
19 138
3 110
4 224
12 229
38 399
21 234
11 240
17 204
15 144
2 166
5 11
14 241
37 315
6 97
5 448
23 504
39 346
28 331
11 348
34 498
9 503
5 68
24 310
25 267
15 187
26 180
12 360
22 257
29 308
28 474
18 131
40 165
18 268
10 18
17 232
37 186
16 422
28 300
14 53
28 509
14 174
31 114
27 433
24 384
23 252
40 321
4 160
7 183
9 157
2 366
2 39
34 298
22 482
39 16
16 487
7 450
22 186
5 18
40 110
15 183
15 83
5 68
36 313
24 345
11 126
13 34
6 87
13 448
10 401
6 426
29 313
38 372
40 263
3 440
6 466
5 410
23 98
31 319
12 403
6 204
30 347
11 16
15 392
5 325
26 251
32 504
5 450
9 385
7 440
27 261
19 272
32 482
31 323
3 104
27 437
1 77
17 220
34 392
25 380
38 80
32 290
17 18
2 134
24 129
27 51
11 506
24 384
30 16
8 113
1 256
31 102
34 508
35 397
21 108
10 87
29 230
38 94
21 440
21 474
22 328
38 282
36 171
19 146
28 47
40 129
4 131
12 107
20 227
17 509
16 455
9 346
18 147
1 460
21 343
35 331
4 133
34 328
5 453
7 313
22 407
3 274
19 495
14 499
3 411
21 380
39 278
7 78
27 488
39 336
4 294
8 177
8 103
38 202
37 154
28 27
2 280
35 422
28 209
34 172
22 104
33 309
3 100
20 130
29 247
19 242
2 308
40 439
12 246
14 289
33 330
10 284
23 145
39 412
35 301
25 445
6 106
28 110
7 316
13 116
25 381
19 427
10 99
19 422
39 181
12 420
25 202
17 148
8 436
1 172
39 114
10 465
33 46
28 100
36 490
18 101
32 397
29 382
30 69
5 17
31 337
10 436
21 316
6 357
25 467
30 312
23 321
11 476
28 27
38 404
30 116
26 62
26 356
5 184
6 70
34 497
9 165
27 418
14 193
8 407
21 127
21 64
29 172
2 137
20 88
15 39
37 221
22 391
30 368
29 176
19 303
15 316
9 282
7 123
16 184
12 457
4 73
23 433
6 33
31 414
14 286
26 499
29 229
23 407
18 492
5 505
9 80
15 438
35 230
23 11
35 415
29 47
9 460
21 203
26 373
30 288
40 245
40 489
7 204
30 393
9 155
11 166
28 246
18 271
38 489
23 213
25 72
22 214
14 63
38 348
29 208
30 270
34 98
40 101
3 330
7 173
6 67
12 394
34 118
6 112
20 269
7 185
23 409
20 197
5 138
26 83
28 504
6 122
36 434
5 79
18 40
33 424
20 414
40 95
33 454
20 314
17 207
40 240
37 221
18 263
20 452
19 176
10 373
20 234
20 345
26 246
18 388
12 167
15 460
35 508
7 143
3 164
32 144
5 289
6 311
13 194
17 220
24 395
14 344
22 75
10 468
22 396
17 314
16 480
35 499
22 363
24 133
8 316
18 254
26 464
26 128
40 503
21 204
11 116
9 201
12 207
31 482
36 348
18 193
22 393
13 492
29 157
18 458
34 77
33 401
2 99
10 170
4 51
15 323
8 244
38 328
24 369
4 229
18 282
15 220
8 436
25 106
7 12
25 241
30 98
3 100
18 493
24 270
26 319
27 34
5 293
4 337
35 348
39 53
11 162
35 479
32 308
6 219
13 471
13 83
22 425
17 89
11 481
12 137
21 479
13 186
5 357
37 108
6 116
3 157
32 258
9 404
39 44
4 61
28 405
37 111
23 502
33 275
4 85
13 106
26 406
25 159
24 490
29 290
40 252
20 60
11 258
5 398
35 409
12 343
7 278
15 319
13 476
15 438
3 328
25 97
36 10
9 320
14 198
32 282
11 232
3 282
31 128
22 466
38 314
31 173
33 234
25 195
4 260
14 95
2 499
25 146
30 122
7 332
14 399
7 445
33 130
29 444
39 231
32 117
26 191
24 108
18 309
16 310
23 110
18 333
2 271
12 292
27 119
18 389
40 413
15 473
25 384
30 124
36 150
3 131
34 207
32 293
17 68
24 408
19 183
14 461
35 394
34 170
35 200
12 355
35 68
1 480
13 419
25 38
3 168
22 437
36 82
31 362
11 156
3 150
40 186
24 115
1 186
7 416
20 19
12 175
28 421
16 10
34 81
9 85
11 39
15 95
34 75
10 445
4 254
8 244
13 380
20 342
39 467
32 127
28 204
23 44
39 279
15 141
22 424
19 81
36 422
29 110
30 160
16 402
27 472
27 28
5 328
3 93
16 303
13 252
29 345
10 456
25 25
18 307
31 497
29 87
20 239
39 239
32 75
34 487
21 110
16 74
19 207
20 55
12 62
29 341
20 279
18 353
5 216
2 76
14 371
5 454
23 184
34 183
40 157
31 129
40 507
37 379
16 45
35 48
40 64
10 188
4 508
15 118
37 25
27 259
29 32
34 33
17 229
17 298
7 209
20 327
37 157
7 253
24 462
14 484
8 12
34 340
33 37
11 418
15 327
30 484
20 213
38 398
35 56
29 502
6 297
30 303
16 357
30 480
20 32
5 316
26 459
30 239
29 289
39 232
29 157
30 150
3 56
21 486
33 418
29 199
16 139
16 492
37 234
13 286
7 259
35 133
39 433
34 389
16 501
22 365
11 160
36 55
30 237
2 503
16 352
4 193
24 28
6 310
23 480
29 350
20 372
5 279
39 327
29 203
21 112
9 12
5 406
28 163
4 79
8 121
4 192
35 96
13 469
39 304
10 176
7 10
2 460
31 29
40 280
5 289
13 122
3 487
1 191
3 346
11 139
8 375
4 251
25 225
33 52
2 492
2 358
23 452
19 114
34 280
8 387
30 461
2 193
21 212
6 273
39 477
25 347
6 418
39 499
4 140
4 347
25 454
6 309
39 345
36 61
26 492
29 17
15 280
23 224
25 269
10 224
20 84
12 274
15 491
6 319
24 498
7 438
6 193
40 33
20 344
28 486
38 365
36 113
38 388
38 163
30 509
20 78
34 132
25 269
24 299
9 429
31 77
40 277
11 288
31 131
33 79
19 439
26 443
25 264
24 212
21 163
14 489
22 136
23 268
38 67
20 315
37 391
5 185
29 485
34 301
37 428
21 56
40 147
21 94
5 505
7 14
9 201
16 232
18 299
21 416
28 241
4 185
34 298
4 271
24 18
33 221
7 275
19 136
3 100
31 156
26 358
23 96
40 348
1 218
28 502
15 336
4 187
23 346
18 215
11 90
14 364
5 502
40 264
19 32
5 338
1 291
29 33
40 77
22 389
36 350
12 251
8 105
19 179
4 246
7 243
29 301
9 174
24 69
39 411
34 272
2 464
17 119
10 125
9 52
16 313
23 228
5 411
26 325
11 459
4 158
35 433
21 484
9 233
35 16
38 477
2 420
14 379
21 464
25 58
37 341
25 241
3 110
33 77
28 65
9 32
4 413
7 153
38 396
20 273
5 58
4 227
39 218
7 340
24 433
32 169
15 445
23 166
28 385
37 165
11 454
38 495
8 485
22 87
34 210
21 468
1 285
36 68
25 124
2 157
18 482
19 301
8 411
1 304
17 238
2 68
33 341
24 382
19 386
22 382
37 503
3 38
10 219
20 263
24 190
33 370
13 420
25 421
12 166
38 449
5 369
30 418
23 255
13 210
2 443
13 60
20 116
19 58
37 27
14 149
18 415
13 211
8 218
33 489
5 180
31 110
22 482
21 285
18 503
36 348
19 410
9 67
7 329
18 332
17 120
15 396
28 176
40 45
15 62
7 100
15 146
3 317
9 412
23 187
8 67
37 36
18 266
16 326
16 403
19 274
24 462
3 381
11 451
7 354
26 282
27 281
1 338
19 231
4 22
19 340
3 276
29 241
4 154
28 460
30 196
27 402
31 78
16 471
23 383
26 217
18 454
32 120
33 271
12 365
35 91
39 206
29 256
8 381
23 485
34 141
34 250
17 13
1 501
25 32
38 132
23 224
39 423
25 200
15 17
19 310
10 446
37 447
35 286
21 287
24 343
29 126
26 294
32 96
29 298
9 355
3 52
32 190
36 98
23 492
36 130
3 194
9 141
34 305
28 495
13 20
12 342
27 106
30 459
23 107
18 153
35 509
6 215
20 503
34 264
36 251
27 119
18 145
21 261
23 157
17 364
10 269
19 145
17 17
38 48
17 184
22 260
27 229
29 67
13 463
32 49
35 48
29 482
6 251
16 317
9 173
14 260
4 61
6 289
32 184
10 377
10 213
11 385
3 140
33 496
4 254
6 140
35 35
3 169
27 39
27 17
33 489
38 477
23 504
39 303
30 278
22 28
24 493
26 107
14 187
24 58
34 470
39 417
6 142
19 262
2 394
20 216
36 26
14 108
11 282
32 41
13 414
22 77
20 156
5 362
17 257
2 459
8 89
30 202
25 137
37 235
5 417
12 441
24 467
2 296
22 135
10 335
22 81
13 131
38 66
34 403
36 236
16 372
19 266
7 232
4 65
28 109
3 241
24 248
1 274
37 483
2 55
39 133
37 200
25 344
19 79
40 263
37 284
8 316
11 235
9 276
1 337
38 105
19 462
14 460
30 219
24 320
15 83
14 381
24 39
38 223
32 146
39 257
4 295
34 155
4 443
12 153
21 491
31 181
14 433
2 12
13 407
26 249
31 460
23 96
21 29
40 441
8 128
31 280
36 445
9 128
9 41
35 138
13 214
20 308
29 283
13 122
31 327
12 502
21 175
19 462
5 240
36 54
9 275
7 465
33 444
35 430
27 50
21 340
5 62
9 234
6 143
10 357
3 402
40 432
39 280
15 104
21 119
39 210
27 315
16 288
20 91
11 67
22 461
29 228
16 378
35 42
34 493
32 166
9 432
19 296
33 315
1 202
27 381
25 503
37 262
24 277
34 184
6 317
18 75
18 342
6 33
5 149
8 457
36 97
10 235
6 72
23 467
7 159
29 361
23 14
24 127
25 298
32 311
8 278
7 334
33 161
29 178
3 217
16 299
35 495
36 381
28 259
29 15
19 167
17 402
34 321
31 147
33 311
39 409
23 166
25 236
1 434
36 312
24 372
33 287
28 469
9 256
29 486
33 469
6 470
32 509
25 223
9 86
36 437
16 299
36 61
8 105
28 124
31 320
38 204
20 186
26 97
24 223
17 37
13 263
40 386
13 325
10 251
32 466
21 229
38 317
23 475
36 460
40 15
21 66
32 210
14 66
20 18
22 417
28 156
2 88
23 275
35 473
19 147
21 240
17 379
39 341
15 303
2 276
11 403
35 211
6 269
18 447
28 388
37 16
17 367
26 408
36 489
15 343
29 144
5 335
36 464
37 200
28 299
17 407
35 140
39 490
11 217
18 19
38 123
29 324
4 463
5 160
25 288
36 262
5 261
10 130
26 447
3 314
19 480
2 123
13 161
6 204
31 224
5 158
20 434
35 364
30 240
5 23
2 350
18 487
24 409
38 159
17 121
14 277
2 17
1 44
31 335
29 231
12 294
2 80
1 45
6 299
18 439
3 488
2 282
17 427
32 415
27 369
38 381
27 460
31 368
5 251
16 75
3 436
2 193
18 272
31 432
32 197
24 216
19 187
31 484
35 11
32 22
13 258
36 349
20 476
10 45
8 95
33 31
12 164
5 18
29 136
3 181
34 348
30 193
36 69
38 471
33 399
